1017469
1115598
1038376
1012339
1011154
1029394
1009692
1004802
1004117
1004543
1004302
1004099
1004172
1004247
1004117
1004210
1004024
1004543
1004099
1003987
1004173
1004692
1004006
1004061
1007432
1010895
1006154
1006154
1006118
1007284
1014691
1006135
1005988
1007543
1006025
1005729
1005858
1006229
1006432
1006265
1006376
1006728
1006358
1006228
1006636
1036839
1006432
1006395
1006191
1045616
1006432
1006210
1007006
1007395
1007062
1006969
1006283
1006321
1006413
1006265
1006358
1006766
1006340
1006191
1005747
1005821
1005728
1005784
1005802
1005895
1005765
1005747
1006710
1005821
1005691
1013339
1012228
1006784
1007136
1009209
1006432
1005932
1005839
1005728
1006451
1005895
1005765
1005636
1005598
1005895
1005784
1005673
1006117
1005728
1005895
1005803
1005950
1005784
1005692
1006358
1009394
1006432
1006358
1013099
1007469
1005876
1005969
1006155
1007118
1010062
1008154
1005617
1006358
1009858
1005821
1005821
1006025
1005840
1005858
1005932
1006413
1005802
1005654
1006432
1006709
1006321
1006395
1005580
1006469
1008247
1005839
1005692
1006469
1005839
1005895
1005636
1006209
1005932
1005840
1005802
1006117
1005913
1005747
1009117
1006284
1005840
1005821
1006358
1006617
1006543
1005673
1005820
1005895
1005858
1005636
1005710
1005747
1005858
1005747
1005765
1006025
1005766
1005802
1005691
1006043
1005747
1005839
1005710
1005895
1005691
1006376
1006432
1006895
1006617
1005617
1005691
1005913
1005840
1005783
1005784
1005950
1005821
1005729
1005803
1006007
1005877
1005803
1005840
1005951
1005895
1005692
1005821
1005950
1006506
1006358
1006562
1005932
1005599
1005803
1005710
1006414
1005747
1005747
1005766
1009173
1008210
1006099
1005729
1006451
1006173
1005784
1005636
1005692
1005340
1005358
1007784
1005673
1006117
1005747
1005784
1006062
1005229
1005303
1006951
1005432
1005246
1005210
1005358
1005303
1005284
1005191
1006228
1005395
1005469
1005414
1006081
1005395
1005432
1005118
1006081
1005284
1006024
1006062
1006303
1005173
1005247
1005173
1005506
1005173
1005155
1005229
1005914
1005765
1005802
1005802
1007858
1011451
1008117
1006470
1006321
1005692
1005747
1005784
1005877
1006673
1010191
1022172
1019247
1056783
1032025
1025932
1016654
1033246
1041561
1025395
1030580
1022043
1033043
1030061
1022710
1041784
1027024
1029543
1024414
1021266
1060320
1028562
1053691
1041080
1043061
1016599
1020691
1021117
1017043
1013192
1024006
1014673
1013099
1007987
1005950
1006154
1006099
1006876
1008247
1005747
1005265
1005858
1005302
1005154
1005302
1007802
1005340
1005265
1005118
1005599
1005284
1005302
1005302
1005617
1005284
1005210
1005246
1005561
1006025
1005784
1005821
1005450
1005303
1005229
1005321
1005284
1005339
1005265
1005210
1005654
1009246
1005228
1005209
1005395
1005302
1005229
1005210
1005451
1005247
1005173
1006062
1006395
1005932
1005839
1004988
1005395
1005284
1005302
1005154
1006099
1005969
1005802
1005728
1006006
1005655
1005877
1005729
1005932
1005802
1005746
1005728
1006080
1009099
1005747
1006488
1006581
1006358
1006469
1005635
1005802
1005691
1005970
1005802
1006006
1005857
1005784
1005784
1006043
1005876
1005710
1005710
1006024
1005784
1005877
1005673
1005988
1005969
1006266
1006488
1006135
1006432
1005728
1005524
1005932
1008858
1005802
1005802
1006117
1005747
1005840
1005710
1006024
1005821
1005877
1005802
1006025
1005709
1005802
1005839
1006024
1005876
1006340
1006432
1004358
1006284
1005692
1005766
1008395
1005728
1005914
1005987
1010043
1005913
1005802
1006802
1005784
1005765
1005821
1006432
1005950
1005765
1005858
1006357
1005803
1005654
1006543
1007284
1006432
1006377
1005729
1006321
1005932
1005784
1006191
1006395
1005914
1005673
1005747
1006377
1005914
1005858
1005747
1006043
1005766
1005691
1005802
1006062
1005747
1005729
1006432
1006728
1006450
1005654
1005839
1006099
1005766
1009117
1005673
1005988
1005932
1005673
1005673
1005913
1005932
1005636
1005802
1005839
1005950
1005765
1005821
1005895
1005802
1006506
1006469
1006710
1006414
1005636
1005728
1006006
1005747
1009043
1005728
1006395
1006562
1005987
1006302
1006025
1005858
1005858
1005839
1006228
1005765
1005821
1005654
1005765
1005302
1005950
1005951
1006321
1005395
1005265
1005302
1005599
1005265
1005265
1005191
1005969
1005932
1005728
1005728
1006043
1005839
1009080
1005765
1005913
1005673
1005858
1005673
1005951
1006524
1005914
1006321
1006654
1005710
1005876
1005728
1005896
1005747
1005876
1005599
1006062
1005747
1005728
1005580
1006080
1005895
1005673
1005728
1006024
1005839
1005709
1005895
1006006
1006525
1006284
1006358
1005932
1005673
1005784
1005673
1006025
1005877
1005636
1005747
1006043
1005747
1005895
1005636
1006080
1005950
1005654
1005766
1005988
1005839
1005747
1005784
1004321
1006432
1006432
1006377
1008024
1005821
1005710
1005765
1010413
1005932
1009136
1006524
1006006
1005969
1005858
1006302
1005876
1005747
1005766
1006340
1005840
1005820
1005895
1006487
1006617
1006599
1006451
1007062
1005654
1005691
1005672
1006302
1005877
1005766
1005784
1006321
1005765
1005691
1005765
1005987
1005691
1005654
1009080
1005821
1005821
1005673
1005747
1005932
1006488
1006377
1006377
1006599
1005673
1005913
1005747
1005951
1005802
1005784
1005858
1005932
1005821
1005673
1005673
1006006
1005913
1005655
1005710
1006043
1005765
1005765
1005820
1014636
1006710
1006321
1006340
1005913
1005839
1005821
1005877
1005988
1005914
1005784
1005765
1006006
1005766
1005747
1005729
1006025
1005729
1005747
1005728
1006155
1005766
1005803
1005729
1006081
1006450
1006376
1006376
1005858
1005858
1005766
1005784
1005988
1005895
1005673
1005840
1005951
1005839
1005747
1005617
1006043
1005765
1005784
1005636
1005987
1005970
1005691
1005784
1006858
1006451
1006303
1005709
1006025
1005895
1005802
1005895
1006061
1005821
1005765
1005802
1006228
1005765
1005728
1005802
1005617
1005284
1005136
1009007
1005413
1005173
1005358
1005784
1005562
1006025
1005914
1005098
1005469
1005154
1005135
1005303
1005525
1005321
1005228
1005210
1006007
1005747
1005858
1005766
1006025
1005858
1005840
1005655
1004543
1005747
1006191
1006320
1005450
1006525
1005654
1008932
1005913
1005691
1005765
1006691
1005950
1005784
1005710
1006414
1005765
1005654
1005784
1006358
1005709
1005783
1005636
1006321
1005969
1005728
1006413
1007302
1006469
1006414
1005544
1006210
1005858
1005840
1005803
1006395
1005784
1005728
1005802
1005877
1005858
1005821
1005747
1006025
1005914
1005766
1005729
1005969
1005709
1005821
1006339
1006877
1006414
1006377
1005617
1005951
1005747
1005728
1005691
1005951
1005803
1005803
1005803
1005914
1005728
1005784
1005784
1006006
1005803
1005747
1005858
1006006
1005766
1006581
1006562
1006636
1006339
1005655
1005766
1005932
1005840
1005691
1005636
1005988
1005747
1005821
1005765
1006062
1005728
1005691
1005840
1005877
1005766
1005821
1005765
1006062
1005784
1006506
1006358
1006932
1006487
1005765
1005747
1005987
1005654
1005802
1005710
1005951
1005784
1005747
1005877
1005820
1005821
1005673
1005802
1005987
1005784
1005710
1005784
1006043
1006376
1006358
1006321
1006598
1005728
1005784
1005914
1005839
1005672
1005840
1005654
1006080
1005692
1005747
1005765
1014617
1005951
1005821
1005839
1005988
1005858
1005766
1005710
1006062
1006395
1006340
1006469
1006599
1005747
1005691
1005895
1005598
1006284
1005839
1005746
1005988
1005765
1005654
1005784
1006173
1005728
1005803
1005803
1006192
1006006
1005728
1005765
1006210
1006562
1006358
1006284
1010284
1005876
1005710
1006895
1005821
1005895
1005784
1006321
1006006
1005691
1005802
1006395
1005858
1005599
1005969
1006154
1005895
1005766
1005766
1006358
1005877
1006395
1006636
1007117
1005821
1005802
1005765
1006358
1005840
1005839
1005839
1006006
1005784
1005839
1005858
1005932
1005710
1005858
1005802
1007062
1023599
1020117
1025746
1019303
1023876
1017580
1015672
1019210
1021691
1033006
1018710
1015636
1016766
1020173
1020580
1009654
1008284
1008210
1008766
1008673
1012932
1012876
1009192
1009266
1012173
1008765
1012117
1017395
1025654
1038265
1035654
1037691
1025691
1020488
1019136
1016062
1020302
1017655
1010006
1015858
1019247
1013080
1021543
1014766
1011710
1019488
1009469
1015043
1019562
1009839
1014154
1011876
1005581
1005451
1006876
1005303
1005302
1005191
1005432
1005914
1008932
1005840
1006228
1005210
1005136
1005209
1005728
1005265
1005191
1011784
1007321
1008247
1006876
1007765
1007598
1007469
1008506
1007470
1007950
1008617
1011488
1008580
1006044
1006155
1006099
1005988
1006580
1005210
1005302
1005302
1006302
1005691
1005284
1005284
1005802
1005228
1005210
1005321
1005450
1005450
1005247
1005098
1006173
1005988
1005710
1005710
1006729
1006414
1006414
1006395
1005766
1005951
1005876
1005728
1005821
1005858
1005729
1005710
1005932
1005877
1005766
1005784
1006099
1005692
1005803
1005747
1005988
1005783
1005783
1005617
1006099
1006450
1008821
1006340
1005765
1005821
1005840
1005729
1005858
1005729
1006636
1005673
1006061
1005821
1005802
1005784
1006118
1005784
1005710
1005802
1005524
1005247
1005228
1005858
1005673
1006043
1005932
1005154
1006210
1005821
1005765
1005746
1006099
1005821
1005784
1005728
1005987
1007451
1006710
1005858
1006895
1005895
1005765
1005728
1007654
1005932
1005747
1006395
1004858
1006099
1008228
1005136
1009358
1005433
1005303
1005284
1015173
1005876
1005747
1006598
1005803
1005673
1005691
1006265
1006043
1005691
1005839
1006303
1005933
1005840
1005747
1007098
1006525
1006599
1006450
1006358
1005913
1005765
1005895
1006395
1005654
1005729
1005692
1006025
1005580
1005672
1005673
1005877
1005858
1005672
1005691
1006062
1005895
1005728
1006544
1006766
1006395
1006339
1005728
1006025
1005895
1005784
1005877
1006006
1005839
1005654
1005710
1005877
1005820
1005673
1005783
1005951
1005784
1005728
1005802
1005876
1005672
1005858
1006432
1006914
1006358
1006395
1005654
1006006
1005895
1005691
1005617
1005876
1005839
1005802
1005709
1006098
1005691
1005765
1005839
1005988
1005840
1005747
1005728
1006006
1005803
1006562
1006377
1006469
1006358
1005618
1005803
1006081
1005729
1005747
1005654
1005932
1005803
1005747
1005710
1005969
1005710
1005858
1005691
1006043
1005876
1005821
1005709
1006043
1005747
1006470
1006377
1006562
1006450
1005599
1005821
1005932
1005877
1005617
1005673
1005913
1005673
1005617
1005618
1006006
1005691
1005691
1005654
1005987
1005728
1005728
1005710
1006043
1006432
1006377
1006395
1006469
1005709
1005766
1005802
1005914
1005803
1005710
1005840
1006062
1005858
1005876
1005877
1006080
1005932
1005765
1005709
1006747
1005839
1006284
1009043
1006043
1006302
1006358
1006340
1006747
1005766
1005747
1014210
1005487
1005228
1005172
1005543
1005191
1005210
1005210
1005469
1005192
1005210
1005284
1006339
1005932
1005117
1005210
1006339
1005395
1005987
1005951
1006766
1005284
1005228
1005303
1006099
1005284
1005136
1005117
1005395
1009061
1007191
1007043
1006413
1005728
1005858
1005654
1005877
1005709
1005766
1006803
1009340
1008655
1006895
1006414
1006747
1005617
1005840
1005728
1010599
1006025
1007080
1005728
1005969
1005932
1010729
1007395
1006061
1005765
1005765
1005672
1010284
1009524
1008210
1005895
1006025
1006525
1006469
1011692
1009358
1007543
1005784
1005877
1005895
1005747
1005747
1005655
1006006
1005821
1005710
1005599
1005988
1005877
1005691
1005728
1006135
1005728
1005673
1005710
1006043
1006561
1006136
1006988
1008340
1008617
1009154
1007710
1008673
1008821
1008876
1008377
1007858
1008303
1008728
1011062
1007062
1005839
1005969
1005765
1006061
1005747
1005729
1005747
1006210
1006469
1006283
1005543
1006191
1005710
1005840
1005710
1006247
1005692
1005655
1005803
1007229
1005340
1005321
1005210
1005488
1005265
1005117
1005302
1005432
1005173
1005155
1005914
1005525
1006006
1005840
1005061
1005562
1005154
1005117
1005246
1006062
1005655
1005729
1005525
1007358
1005877
1005673
1005710
1013321
1005858
1005802
1006506
1005858
1005766
1005784
1006618
1006358
1006432
1005654
1006469
1005858
1005747
1005636
1006450
1005821
1005784
1005784
1006265
1005821
1005765
1005672
1006728
1006858
1005710
1005765
1006024
1005691
1005747
1005858
1007358
1006635
1006358
1005765
1005932
1005710
1005691
1006580
1006007
1005710
1005673
1005672
1006117
1005599
1005710
1005710
1005395
1005247
1005229
1005081
1005599
1005154
1005154
1006007
1006877
1006321
1006432
1005635
1005895
1005654
1006154
1005951
1006024
1009265
1005728
1005636
1006154
1005673
1005617
1005673
1005433
1005358
1005024
1005136
1005581
1005247
1005988
1005913
1006692
1006321
1005636
1005691
1005877
1005654
1005636
1005635
1005914
1005746
1005765
1005654
1005876
1005876
1005710
1005673
1006043
1009154
1005710
1005691
1005932
1005766
1006340
1006358
1006562
1005691
1005784
1005765
1005821
1005821
1005635
1012858
1016061
1022154
1006469
1008432
1006321
1005747
1005673
1005839
1008932
1006117
1005747
1005691
1005914
1005728
1006506
1006321
1005988
1008154
1005783
1005691
1005969
1005895
1005618
1005747
1005876
1005636
1005673
1005673
1005969
1005673
1005932
1005765
1006025
1005876
1005451
1005802
1006950
1006525
1006321
1006340
1005044
1005746
1005840
1005692
1009525
1005802
1005710
1009729
1008710
1005821
1005802
1006673
1005840
1005544
1005766
1006302
1005858
1009080
1005692
1006377
1005766
1006524
1006340
1006451
1006543
1008265
1005858
1006376
1005821
1005710
1005617
1006358
1005803
1005729
1005821
1005821
1005802
1005691
1005543
1014488
1005876
1005710
1005691
1005932
1005876
1006376
1006469
1006580
1006358
1005598
1005747
1005895
1005766
1005729
1005506
1005895
1005765
1005784
1005729
1005988
1005635
1005747
1005636
1005821
1005784
1005839
1005858
1006099
1005839
1006580
1006488
1006506
1005729
1009192
1005858
1005914
1005895
1005729
1005618
1005914
1005784
1005562
1005673
1005987
1005765
1005821
1006895
1006192
1005729
1005636
1005561
1006432
1006746
1006303
1006303
1006895
1005747
1009136
1005710
1006154
1005672
1005784
1005746
1005895
1005673
1005821
1005729
1005969
1005617
1005802
1005803
1005932
1005654
1005710
1005728
1005895
1006210
1006413
1006228
1005747
1005654
1005617
1005655
1005803
1005821
1005617
1005581
1006080
1005783
1008987
1005691
1005950
1005766
1005840
1005783
1006080
1005747
1005766
1005562
1005987
1006580
1006450
1006340
1005747
1005710
1005635
1005636
1006007
1005803
1005692
1005858
1005913
1005710
1005636
1005654
1005969
1005784
1005728
1005673
1007081
1005858
1005673
1005636
1008154
1006580
1006376
1006246
1005802
1005821
1005691
1006450
1005710
1005729
1005765
1005506
1005728
1005654
1005710
1005507
1005766
1005729
1005636
1006432
1005802
1005710
1005765
1006413
1006562
1006562
1006265
1006414
1005710
1005655
1005840
1006358
1005784
1005673
1005821
1005913
1005969
1005673
1005692
1005951
1005840
1005691
1005673
1005932
1005617
1005765
1005617
1005988
1006469
1006376
1006433
1005895
1005784
1005691
1005728
1005876
1005858
1005672
1005562
1005895
1005895
1005672
1005543
1005932
1005746
1005599
1005803
1006044
1005784
1005691
1005802
1006839
1006302
1006303
1006209
1005803
1005691
1005765
1005839
1005895
1005766
1005692
1005803
1005840
1005766
1005636
1005784
1005858
1005747
1005654
1005599
1005932
1005636
1005599
1005710
1006729
1006377
1006395
1005636
1005969
1005709
1005765
1005636
1005896
1005710
1005691
1005654
1005896
1005747
1005728
1005672
1006062
1005692
1005636
1005747
1005784
1005710
1005655
1006395
1006154
1006469
1005488
1006469
1005895
1005710
1005655
1005562
1006191
1006562
1006895
1005710
1006358
1005914
1005729
1005692
1006136
1005839
1005876
1007358
1006191
1005617
1006488
1006302
1005969
1006283
1005691
1005747
1005877
1005747
1005635
1005710
1006062
1005784
1005710
1005766
1005988
1005543
1005747
1005599
1004191
1005784
1005692
1005821
1005080
1006654
1006432
1006321
1009117
1005858
1005673
1006839
1005692
1005710
1005635
1006414
1005840
1005655
1005784
1006229
1005728
1005876
1005581
1005636
1005858
1005635
1005709
1006617
1005821
1006395
1006524
1006581
1006340
1005636
1005876
1006339
1005710
1005692
1005618
1006099
1005932
1005525
1005635
1006006
1005747
1005543
1005654
1005895
1005858
1005673
1005784
1005802
1005617
1006340
1006525
1006673
1006284
1005710
1005710
1005950
1005636
1005747
1005636
1006025
1005803
1005710
1005635
1005765
1005821
1005747
1005691
1014857
1006766
1015877
1019895
1011062
1010821
1017525
1021339
1014524
1013265
1018580
1016617
1017173
1018747
1022098
1015617
1016543
1015950
1018303
1011543
1015136
1012580
1013117
1006025
1007783
1006025
1005636
1005766
1006025
1005746
1005765
1005654
1005247
1006080
1005858
1005858
1005247
1005135
1005229
1005210
1005376
1005265
1005136
1005265
1005506
1005173
1005284
1005265
1007839
1005451
1005246
1005154
1005321
1005135
1005210
1006025
1006080
1005895
1005636
1005210
1006099
1005339
1005154
1005062
1015728
1005303
1005118
1005136
1005302
1005135
1005117
1005969
1005340
1005303
1005155
1005506
1005136
1005266
1005118
1006247
1005766
1005876
1005839
1005284
1005210
1005173
1005155
1005488
1005303
1005173
1005136
1005654
1005154
1005062
1005210
1005376
1005284
1005284
1005191
1005192
1005302
1005265
1005266
1006414
1006210
1005840
1004988
1006191
1005821
1005654
1005654
1005802
1005821
1005543
1005673
1005987
1005617
1009247
1005839
1006173
1005858
1005673
1005747
1006247
1005802
1005709
1006451
1006210
1005969
1005969
1005117
1005469
1005303
1005173
1005136
1005043
1005247
1005136
1005155
1005506
1005283
1005228
1005061
1005821
1005765
1005728
1005802
1005987
1005784
1006469
1006284
1006562
1006284
1005654
1005766
1005895
1005654
1005617
1005710
1005876
1008895
1005673
1005691
1005950
1005636
1005728
1005728
1006006
1005747
1005821
1005655
1005988
1005691
1006136
1006284
1006506
1005636
1005728
1005672
1005932
1005747
1005636
1005858
1006006
1005913
1005728
1005729
1005950
1005839
1005876
1005524
1005969
1005673
1005766
1005692
1005932
1006376
1006229
1006321
1006654
1005765
1005654
1005765
1005988
1005784
1005636
1005840
1005913
1005636
1005803
1005729
1006007
1005654
1005635
1005654
1006080
1005580
1005765
1005746
1005895
1006487
1006302
1006340
1005803
1005839
1005654
1005710
1006340
1005784
1005636
1005729
1008488
1005728
1005858
1005747
1010691
1006043
1005543
1010469
1005432
1005247
1005228
1005339
1006025
1005766
1005896
1006858
1005210
1009024
1005192
1006099
1005247
1005192
1005210
1006154
1005302
1005228
1005154
1005284
1005303
1005192
1005155
1006043
1005210
1005154
1005191
1005506
1006117
1006080
1005803
1006581
1005562
1005802
1005654
1005987
1005636
1005598
1005636
1005951
1005840
1005636
1005691
1005969
1005728
1005691
1005636
1005895
1005784
1005766
1005692
1007118
1006654
1006358
1006524
1005840
1005655
1005580
1005728
1006173
1005747
1005599
1005618
1005988
1005969
1005580
1005691
1006155
1005950
1005598
1005673
1005839
1005710
1009136
1005618
1005988
1006525
1006265
1006247
1005803
1005599
1008951
1005691
1005913
1005747
1005599
1005821
1005895
1005765
1005784
1005728
1006006
1005655
1005784
1005599
1005988
1005673
1005692
1005618
1006006
1006451
1006303
1005636
1005858
1005599
1005635
1005784
1005950
1005691
1005599
1005673
1006006
1005655
1005673
1005710
1005988
1005655
1005673
1005710
1005932
1005691
1005710
1006321
1005951
1006488
1006283
1005562
1006025
1005636
1005765
1005728
1005858
1005747
1005858
1005710
1006006
1005728
1005839
1005821
1005840
1005821
1005599
1005803
1006007
1005673
1005654
1006432
1006006
1006265
1005506
1005691
1005932
1005654
1005728
1005728
1005081
1005747
1005691
1005840
1005803
1005840
1005784
1005618
1010543
1005876
1005710
1006654
1005821
1005672
1006377
1007117
1006506
1006266
1005543
1006266
1005784
1005784
1005710
1006377
1005877
1005673
1005784
1006302
1005858
1005784
1005636
1006358
1005729
1005821
1005580
1006321
1005803
1005655
1005747
1006710
1006376
1006228
1005654
1006025
1005746
1005784
1005617
1005988
1005728
1005673
1005598
1005914
1005803
1005636
1005765
1005858
1005544
1005747
1005710
1005988
1005747
1005803
1006433
1006766
1006395
1005747
1005728
1005932
1005728
1005802
1005691
1005876
1005617
1005654
1005673
1005895
1005821
1005728
1005728
1005914
1022006
1027913
1023951
1036210
1046524
1015561
1012154
1027432
1030339
1031728
1057876
1027025
1013358
1033765
1016117
1010080
1011747
1006376
1007173
1008340
1008099
1012043
1008469
1009617
1010969
1007599
1012265
1013469
1018784
1030931
1015043
1026117
1022246
1014321
1013173
1013062
1017098
1018414
1009191
1017543
1018950
1011543
1014969
1019154
1011024
1022376
1008987
1017895
1018488
1005988
1007321
1005192
1005321
1005339
1008525
1010395
1008803
1008395
1007062
1008543
1007766
1011395
1009080
1007969
1008655
1008099
1011209
1006988
1005524
1005488
1005340
1005173
1005265
1005191
1005969
1005339
1005191
1005303
1005636
1005247
1005136
1005173
1005821
1005080
1005876
1005710
1007728
1005858
1005098
1005006
1005395
1005229
1005210
1005136
1005413
1005321
1005136
1005192
1006155
1005877
1005803
1005655
1005988
1005766
1005710
1005506
1006006
1005802
1006376
1006395
1010635
1006136
1005858
1005562
1006155
1005876
1005580
1005747
1006154
1005635
1005821
1005728
1005969
1005784
1005765
1005599
1014636
1005821
1005709
1005673
1005951
1006432
1006302
1006191
1006599
1005654
1005728
1005839
1005987
1005784
1005709
1005729
1006044
1005617
1005747
1005747
1007247
1005803
1005747
1005802
1005895
1005914
1005673
1006302
1005858
1006487
1006414
1007043
1006395
1005746
1005709
1006358
1005877
1005618
1005636
1014969
1005969
1005747
1005691
1006376
1005673
1005821
1005654
1006284
1005802
1005821
1005747
1006061
1005858
1006562
1006339
1006580
1006358
1005562
1005729
1006007
1005821
1005562
1005691
1006006
1005673
1005655
1005840
1005858
1005673
1005580
1005747
1006043
1009210
1005710
1005710
1006006
1006451
1006395
1006321
1006617
1005581
1005821
1005710
1005858
1006340
1005839
1005765
1005895
1006155
1006043
1005765
1006543
1005876
1005765
1005728
1006098
1005876
1005747
1005635
1006228
1006580
1006524
1006413
1006913
1005691
1005747
1005673
1006247
1005655
1005747
1005673
1005969
1005747
1005839
1005488
1006099
1005691
1005691
1005709
1006062
1005599
1005747
1005784
1006006
1006487
1006358
1006321
1005951
1005655
1005747
1005635
1005988
1005766
1005599
1005728
1005932
1009062
1005766
1005784
1006043
1005673
1005821
1005747
1006062
1005710
1005784
1005766
1005951
1006339
1006321
1006173
1005728
1005617
1005840
1005784
1005969
1005654
1005784
1005709
1005988
1005784
1005729
1005821
1005876
1005765
1005840
1005673
1005858
1005821
1005617
1006413
1006543
1006302
1006358
1005673
1006043
1005895
1005728
1005654
1006024
1005655
1005655
1005877
1007951
1005803
1005673
1005709
1013062
1005895
1005580
1006302
1005747
1005729
1005784
1006414
1006358
1006284
1006358
1006247
1005821
1008784
1005728
1006265
1005784
1005877
1005858
1006358
1005766
1005673
1005581
1006191
1005877
1005673
1005784
1006173
1005877
1005692
1005728
1006821
1006488
1006321
1006450
1005913
1005765
1005728
1005636
1006007
1005895
1005654
1005580
1005877
1005803
1005692
1005729
1005932
1005710
1005562
1005636
1005895
1005747
1005747
1005654
1006821
1006562
1006358
1005654
1005913
1005839
1005765
1005691
1005914
1005821
1005802
1005636
1005895
1005766
1005581
1005673
1006172
1005654
1005728
1005654
1005970
1005784
1005598
1006395
1006617
1006395
1006358
1005506
1005969
1005599
1005525
1005691
1005970
1005673
1005598
1005709
1005988
1005692
1005729
1005580
1006062
1005710
1005654
1005821
1005988
1005932
1005692
1006395
1006691
1006321
1005655
1005784
1006377
1005673
1008988
1005802
1005302
1005655
1011488
1007802
1008988
1008229
1007136
1007098
1009099
1008691
1007802
1007895
1010543
1011765
1007043
1006302
1006414
1006451
1005710
1005747
1005914
1005802
1005635
1005747
1006840
1005302
1005228
1005210
1005377
1005284
1005025
1005210
1005377
1005265
1005173
1005098
1005488
1005858
1005821
1005858
1007988
1004932
1005173
1005246
1005858
1005784
1005747
1005617
1013617
1005858
1005747
1006376
1005803
1005692
1005543
1006302
1005783
1005599
1005729
1005673
1005766
1006506
1008932
1007210
1006561
1005543
1005821
1006247
1005895
1005728
1005765
1006265
1005802
1005728
1005729
1005895
1005654
1005710
1005636
1005987
1005876
1005654
1005673
1005914
1005876
1006395
1006488
1006654
1006376
1005635
1005654
1005877
1005766
1005710
1005765
1005987
1005784
1005821
1005672
1005969
1005692
1005654
1005525
1005821
1005747
1005746
1005747
1005969
1006450
1006265
1006377
1006635
1005691
1005673
1005618
1005969
1005728
1005691
1005747
1005950
1005710
1005654
1005728
1005895
1005821
1005673
1008895
1005858
1005709
1005747
1005654
1006025
1006358
1006469
1006339
1006617
1005617
1005784
1005691
1005913
1005784
1005747
1005784
1005932
1005839
1005728
1005747
1005932
1005765
1005839
1005710
1006117
1005765
1005839
1005599
1006229
1005747
1005747
1005802
1005339
1005340
1005099
1005136
1005969
1005970
1005692
1005654
1006006
1005691
1005728
1005691
1006043
1005691
1005654
1005766
1005951
1005728
1005635
1005636
1005969
1006358
1006210
1005618
1005858
1005821
1005636
1005747
1006469
1005673
1005914
1005840
1005914
1005766
1005839
1005747
1006080
1005654
1005692
1005765
1006192
1005747
1005655
1006488
1006746
1006580
1006450
1005598
1007247
1005821
1005710
1005692
1012118
1005895
1010395
1022061
1006469
1005784
1005673
1005562
1005247
1005247
1005284
1006562
1005210
1005154
1005173
1006173
1005914
1005839
1005895
1005895
1005562
1005173
1005229
1005303
1005136
1005321
1005136
1005654
1006969
1005358
1005340
1005599
1005303
1005321
1005265
1005525
1005302
1005080
1005210
1006117
1006117
1005950
1005302
1005321
1005117
1005210
1005154
1005820
1005432
1005192
1005636
1006191
1005802
1005673
1005673
1006006
1005710
1005636
1005858
1006136
1005766
1005655
1006303
1006747
1006432
1006450
1005654
1005895
1005803
1005710
1005784
1005895
1005747
1005765
1005784
1005913
1005932
1005895
1005747
1005951
1005747
1005728
1007191
1008191
1005858
1006710
1006340
1007061
1006450
1005561
1005784
1005970
1005914
1005692
1005858
1005951
1006302
1005969
1005673
1006136
1005599
1005728
1005654
1006043
1005636
1005747
1005710
1005987
1005691
1006451
1006321
1006636
1005599
1005950
1005747
1006321
1005691
1005766
1005692
1005932
1005895
1006080
1005951
1005987
1005766
1005802
1005710
1005987
1005710
1005802
1005562
1005987
1006451
1006580
1006358
1006543
1005636
1005728
1005691
1006025
1005728
1005672
1005784
1005988
1005636
1005635
1005840
1005969
1005747
1005636
1005747
1005969
1005747
1005673
1005617
1005988
1006432
1006395
1006562
1005729
1005766
1005599
1005673
1005987
1005729
1005747
1006118
1005784
1005673
1005951
1006358
1005950
1005654
1005543
1006358
1006413
1005802
1005710
1005691
1006062
1006006
1005802
1006080
1005229
1005118
1005265
1005506
1005284
1005098
1005265
1005451
1005117
1005191
1005173
1006969
1005840
1005710
1005802
1005914
1005710
1005765
1005765
1005895
1009062
1006599
1006432
1006636
1005599
1005765
1005691
1006006
1005766
1005618
1005728
1005932
1008821
1005655
1006044
1006229
1005840
1005840
1005729
1005895
1005747
1005728
1005691
1005913
1005839
1006432
1006414
1005802
1005969
1005691
1005747
1005932
1005784
1005655
1005729
1005987
1005747
1005766
1005729
1006006
1005839
1005691
1005636
1006117
1005839
1005710
1005802
1006765
1005821
1006413
1006358
1005821
1005840
1005581
1005692
1006006
1005784
1005635
1005728
1005895
1005672
1005728
1005803
1005951
1005618
1005747
1005654
1005969
1005803
1005618
1006451
1005950
1006543
1006395
1005617
1005913
1005803
1005673
1005618
1005877
1005654
1005654
1005654
1005876
1005839
1005636
1005636
1005932
1005636
1005654
1005747
1005914
1005618
1005692
1006339
1006636
1006340
1006247
1005673
1005951
1005765
1005672
1005710
1005969
1005858
1005803
1005599
1006081
1005766
1005673
1005765
1005969
1005728
1005710
1005728
1006062
1005766
1006395
1006302
1006636
1006302
1005692
1005692
1007747
1005895
1005562
1005784
1005950
1005821
1005673
1006432
1005729
1005618
1005672
1006340
1005858
1005747
1005710
1006358
1005858
1005765
1006358
1007024
1006469
1006284
1005543
1006413
1005766
1005599
1005729
1006414
1005747
1005691
1005728
1006321
1005710
1005710
1005710
1006025
1005728
1008858
1005766
1005969
1005562
1005636
1006303
1006562
1006321
1006210
1005673
1005932
1006451
1005803
1005746
1005932
1005728
1005654
1005821
1006192
1005969
1005710
1005654
1005488
1005173
1005229
1005154
1005599
1005265
1005951
1005784
1006654
1006302
1005636
1005858
1005913
1005728
1005599
1005784
1006006
1005747
1005691
1005617
1006024
1005655
1005729
1011154
1013080
1016228
1012339
1010710
1018210
1010599
1011284
1019969
1018413
1012395
1011784
1020598
1013321
1014339
1011524
1014376
1008654
1005821
1005728
1005710
1006061
1005839
1005673
1005877
1006228
1005247
1005228
1005135
1005506
1005284
1005303
1005970
1005580
1005895
1005043
1005173
1005191
1005321
1005210
1005098
1005469
1005265
1005192
1005136
1005506
1005303
1005229
1005210
1005913
1005414
1005469
1007914
1008099
1005598
1005784
1005876
1007154
1005006
1005303
1005173
1009154
1005414
1005044
1005118
1012284
1005191
1005210
1005747
1005154
1005228
1005136
1005469
1005098
1005210
1005284
1005358
1005191
1006006
1006117
1006876
1005988
1005395
1009080
1006487
1005358
1005172
1005284
1005432
1005192
1005136
1005210
1006043
1005340
1005099
1005265
1006117
1005839
1005747
1005617
1006043
1005858
1006469
1006543
1006673
1006413
1005636
1005766
1005895
1005821
1005691
1005710
1005950
1005765
1005618
1008932
1014432
1005877
1005821
1005692
1006043
1005729
1005618
1005710
1006025
1005709
1006377
1006339
1006543
1006339
1005747
1005877
1005858
1005728
1005765
1005840
1005932
1005581
1005636
1005561
1006006
1005784
1005710
1005655
1005969
1005766
1005747
1005747
1006007
1006451
1006395
1006340
1006692
1005673
1005673
1005636
1005914
1005617
1005747
1005655
1006062
1092487
1037432
1023080
1035246
1011062
1007062
1005951
1006469
1005618
1009580
1005672
1006396
1005802
1005932
1006543
1006376
1006432
1006265
1008173
1006155
1005784
1005766
1005747
1005655
1005229
1005247
1005118
1005543
1005228
1005154
1005265
1006506
1005173
1005136
1005192
1005451
1005173
1005228
1005950
1011080
1005932
1005765
1005691
1005191
1005210
1005154
1005451
1005173
1005173
1005246
1005376
1005192
1005173
1005135
1005377
1005284
1005266
1005229
1005413
1005173
1005210
1005229
1006118
1006099
1005784
1005154
1005506
1005228
1005062
1005265
1006136
1005803
1005747
1005803
1005932
1005896
1005691
1005654
1005969
1005710
1005692
1005710
1005895
1005747
1005821
1006395
1006858
1006358
1006358
1005691
1006007
1005821
1005877
1005691
1005969
1005803
1005617
1005617
1005988
1005784
1005766
1005766
1005803
1005673
1005691
1005561
1006006
1005673
1006395
1006376
1006580
1006210
1005562
1005580
1005914
1005766
1005673
1005802
1005969
1005784
1005673
1005635
1006044
1005821
1005673
1005618
1005988
1005654
1005802
1005710
1006007
1005766
1006432
1006376
1006543
1006414
1005562
1005636
1005858
1005784
1005747
1005783
1005876
1005728
1005673
1005728
1014654
1005914
1005728
1005636
1005970
1005784
1005673
1005728
1006043
1005765
1006265
1006321
1006598
1005691
1005617
1005803
1005933
1005765
1005802
1005765
1006062
1005672
1005672
1005691
1006006
1005821
1005618
1005617
1005950
1005821
1005655
1006062
1005951
1006450
1006321
1006450
1006784
1005617
1005692
1005821
1006747
1005247
1005210
1005154
1005506
1005154
1005266
1005173
1006784
1005895
1005728
1005709
1005340
1005673
1005710
1005709
1006395
1006710
1006710
1006284
1005895
1005858
1005747
1005746
1005266
1005284
1005284
1005488
1005265
1005135
1005265
1005340
1005265
1005228
1005265
1006098
1005303
1005284
1005229
1005432
1006025
1006061
1005877
1006135
1005118
1005136
1005228
1006173
1005321
1005247
1005155
1006395
1005784
1005617
1005802
1005839
1005747
1005691
1005765
1005895
1005747
1005655
1005710
1005988
1006376
1006506
1006377
1005858
1005840
1005691
1005821
1005969
1005970
1005654
1005802
1006006
1005673
1005617
1005747
1005951
1005692
1005673
1005692
1005932
1005747
1005672
1005839
1005988
1006377
1006525
1006192
1005766
1005655
1005840
1005821
1005895
1005802
1005728
1005617
1005932
1005654
1005710
1005654
1006025
1005710
1005784
1005673
1006025
1005784
1005766
1005747
1006006
1006339
1006451
1005692
1006006
1005820
1005636
1005691
1005969
1005710
1005580
1005580
1005969
1005728
1005728
1005765
1006006
1005654
1005839
1005747
1006080
1005710
1005840
1006339
1005969
1006395
1006395
1005543
1006006
1005710
1005802
1005673
1005969
1005840
1005746
1005765
1006006
1005729
1005802
1005802
1005932
1005876
1005784
1005673
1005932
1005747
1005709
1006302
1005951
1006506
1005598
1005729
1005932
1005710
1005710
1005746
1005969
1005784
1008858
1009154
1008562
1008673
1007525
1008525
1011080
1008969
1008247
1008450
1017339
1011803
1007451
1017302
1006636
1006432
1005673
1005673
1006969
1006303
1005284
1005691
1005321
1008932
1005228
1005525
1006062
1005172
1005210
1007192
1005544
1005173
1005191
1005395
1005173
1005266
1006006
1007025
1005932
1005876
1005118
1006673
1005747
1005709
1005895
1006043
1005821
1008877
1006247
1006043
1005654
1005728
1005802
1006098
1005821
1005691
1005709
1006080
1005840
1005933
1006469
1006913
1006414
1006432
1005691
1005876
1005784
1005710
1005691
1005951
1005636
1005710
1008728
1006377
1005821
1005709
1005617
1006154
1005710
1005655
1005655
1005561
1005210
1005951
1005950
1006173
1005840
1005080
1005302
1006006
1005802
1005821
1005673
1005969
1005747
1005784
1005839
1005950
1005617
1005728
1005673
1006006
1005691
1005709
1005765
1006006
1005747
1006507
1006377
1006673
1005617
1005802
1005710
1005969
1005728
1005802
1005654
1005932
1005635
1005766
1005654
1006062
1005766
1005673
1005673
1006025
1005654
1005672
1005728
1006043
1006469
1006358
1006321
1006580
1005524
1005636
1005729
1005969
1005617
1005821
1005691
1006043
1005729
1005766
1005655
1006044
1005729
1005617
1005746
1005951
1005710
1008969
1005839
1005987
1006450
1006266
1006247
1005840
1005710
1005728
1005747
1006080
1005617
1005655
1005784
1007192
1005877
1005728
1005858
1005284
1005821
1005710
1005710
1006043
1005673
1005672
1005710
1014487
1006580
1006396
1006969
1005654
1005766
1005747
1006413
1005803
1005673
1005709
1006358
1005895
1005691
1005710
1006358
1005784
1005709
1005710
1006284
1005840
1005599
1005821
1006358
1006599
1006543
1006321
1006654
1005655
1005821
1009155
1005765
1005821
1005729
1005747
1005932
1005802
1005747
1005747
1006006
1005877
1005692
1005655
1005932
1005784
1005747
1005617
1006043
1006376
1006469
1006284
1006543
1005636
1005692
1005673
1005895
1005784
1005617
1005673
1006025
1005691
1005635
1005710
1006006
1005691
1005784
1005692
1005988
1005692
1005673
1005803
1006321
1006358
1006506
1006284
1006154
1005673
1005803
1005655
1006007
1005692
1005617
1005747
1006154
1005654
1005747
1008895
1006006
1005876
1005747
1005728
1006080
1005765
1005784
1009081
1006765
1006321
1006303
1006228
1005784
1005783
1005691
1005691
1005839
1005729
1005654
1005765
1006098
1005765
1005673
1005747
1005969
1005839
1005673
1005729
1006025
1005747
1005673
1006302
1005913
1006450
1006321
1005599
1006024
1005673
1005710
1008932
1005988
1005654
1005672
1005728
1006043
1005729
1005821
1005691
1005895
1005784
1005747
1005803
1005969
1005710
1005765
1006358
1006117
1006414
1006340
1005636
1005950
1005784
1005691
1005673
1005932
1005710
1005672
1005728
1005876
1005895
1005710
1005802
1010599
1005950
1005710
1006414
1005747
1005672
1005654
1007117
1006432
1006414
1005673
1006413
1005895
1005821
1005821
1005821
1005599
1005673
1005655
1006358
1005803
1005728
1005580
1006321
1005729
1005692
1005692
1006247
1005821
1005692
1005691
1006673
1006488
1006414
1005561
1008339
1007599
1009544
1008692
1009173
1008561
1008802
1008007
1008006
1007358
1007839
1009284
1006247
1005746
1005747
1005691
1006340
1005692
1005803
1006358
1006413
1005840
1005821
1005099
1006395
1005450
1005210
1005191
1006061
1005802
1005673
1005821
1005951
1005803
1005673
1005821
1005969
1005914
1005710
1005691
1005914
1005710
1006339
1006617
1015043
1006543
1005654
1005969
1006062
1005877
1005747
1005710
1006025
1005839
1005858
1005709
1005950
1005691
1005673
1005729
1005840
1005747
1005895
1005728
1005969
1005858
1006469
1006358
1006784
1006395
1005544
1005895
1005914
1005765
1005710
1005691
1007136
1005858
1005673
1005581
1006155
1005692
1005803
1005710
1006117
1005728
1005765
1005692
1006099
1006413
1006303
1006340
1006839
1005728
1005858
1005580
1005932
1005728
1005765
1005598
1005969
1005747
1005636
1005636
1006043
1005839
1005765
1005636
1006043
1005692
1005654
1005617
1005913
1006469
1006358
1006339
1006080
1005636
1005617
1005729
1006970
1005747
1005784
1005599
1006043
1005673
1005747
1006618
1005729
1005692
1005618
1006284
1005747
1005728
1005728
1006340
1005951
1006543
1006525
1006969
1005710
1005654
1005802
1006321
1005821
1005858
1005784
1006302
1005821
1005710
1005654
1006302
1005802
1005709
1005599
1005839
1009006
1005729
1005562
1005969
1006358
1006414
1006377
1006932
1005673
1005673
1005692
1006062
1005802
1005673
1005821
1005303
1005229
1005210
1005192
1005136
1005191
1005099
1005228
1005209
1009080
1005173
1005155
1005562
1005932
1005802
1005876
1006043
1005802
1005802
1005839
1005876
1005803
1005728
1005802
1005951
1005803
1005784
1005673
1006099
1005728
1005784
1005654
1005932
1005692
1005729
1005766
1005969
1006451
1006284
1006414
1005895
1005784
1005673
1005710
1005803
1005636
1005728
1005729
1005858
1005839
1005543
1005654
1014543
1005876
1005636
1005710
1005858
1005691
1005765
1005672
1005970
1006395
1006302
1006358
1005876
1005636
1005821
1005710
1005951
1005766
1005636
1005710
1005895
1005765
1005747
1005728
1005969
1005839
1005691
1005747
1006006
1005636
1005747
1006451
1005932
1006414
1006340
1005525
1006080
1005821
1005617
1005783
1006006
1005617
1005636
1005747
1006024
1005636
1005673
1005784
1006043
1005765
1005691
1005821
1006099
1005802
1005654
1006302
1006599
1006321
1006210
1005654
1006135
1005969
1005673
1005728
1005561
1005265
1005321
1005191
1014098
1008507
1005321
1006284
1005284
1005302
1005080
1006192
1005321
1005284
1005228
1006802
1005951
1005803
1004970
1006025
1005284
1005117
1005210
1006043
1005321
1005191
1005117
1006099
1005320
1005247
1005172
1005969
1005858
1005562
1005655
1005969
1005599
1005729
1006432
1006691
1006377
1006340
1005655
1006025
1005802
1005709
1005728
1006006
1005747
1005728
1005710
1005895
1005710
1005709
1005617
1006044
1005784
1005692
1005784
1005987
1005654
1005728
1006469
1006710
1006284
1005580
1005709
1005914
1005729
1005766
1005710
1005932
1005691
1005728
1005709
1005895
1005691
1005617
1005691
1005969
1005765
1005729
1005914
1006099
1005691
1006358
1006414
1006580
1006432
1005635
1005729
1005970
1005747
1005784
1005673
1005951
1005729
1005599
1005673
1005988
1005728
1005765
1005673
1005987
1005728
1005784
1005673
1006080
1005673
1006450
1006265
1006747
1005692
1005728
1005747
1005877
1005636
1005803
1005655
1005914
1005672
1005691
1005784
1005969
1005692
1005821
1005599
1005951
1005913
1005747
1005784
1005969
1006432
1006302
1006228
1006635
1005488
1005840
1005765
1006024
1005765
1005747
1005765
1005913
1005821
1005747
1005821
1006006
1005839
1005617
1005729
1005969
1005654
1005710
1005766
1006006
1006506
1006339
1006321
1006932
1005784
1005691
1005691
1005562
1005858
1005766
1005692
1006006
1005747
1005654
1010784
1006006
1005691
1005747
1006339
1005913
1005728
1005728
1006265
1006636
1006451
1006413
1006488
1005765
1005729
1005729
1006451
1006544
1005877
1005766
1005618
1005266
1005266
1005284
1005506
1005229
1005247
1005265
1005691
1005191
1005247
1005247
1005618
1006210
1005987
1005877
1006172
1005136
1005192
1005173
1005969
1005858
1005729
1008877
1005932
1005765
1005802
1005803
1005877
1005747
1005765
1005691
1006025
1005599
1005691
1005802
1006006
1006544
1006377
1006414
1005839
1005747
1005692
1005636
1005913
1005784
1005766
1005636
1005969
1005635
1005673
1005673
1005969
1005598
1005710
1005802
1005987
1005728
1005692
1005766
1006062
1006377
1006395
1006284
1005709
1005691
1005599
1005747
1005821
1005710
1005673
1005710
1005969
1005710
1005672
1005617
1005858
1005802
1005561
1005599
1005932
1005709
1005728
1006432
1005988
1006451
1006340
1005673
1005877
1005821
1005672
1005710
1005895
1005710
1005728
1005617
1005969
1005710
1005673
1005654
1005969
1005710
1005803
1005766
1005933
1005784
1005673
1006524
1006099
1006488
1005598
1005784
1006043
1005728
1005636
1005784
1005950
1005691
1005728
1005784
1006080
1005691
1005636
1005655
1005969
1005710
1005895
1008895
1006043
1005821
1006376
1006247
1005987
1006432
1005524
1005710
1006007
1005729
1005913
1005728
1011043
1006062
1005747
1005654
1018228
1005877
1005802
1006414
1005858
1005691
1005654
1006395
1005840
1005692
1006506
1007043
1006432
1006303
1005729
1006395
1005895
1005821
1005858
1006598
1005803
1005858
1005839
1005524
1005784
1005728
1005710
1005728
1005895
1005803
1005654
1006098
1005766
1005654
1006543
1007006
1006635
1006321
1005691
1005895
1005710
1005802
1005562
1009580
1006321
1005691
1005765
1006061
1005803
1005747
1006025
1006007
1005951
1005598
1005747
1016618
1006006
1005896
1006488
1007507
1006451
1005858
1005617
1006025
1005784
1005784
1005766
1006081
1005581
1005766
1005729
1005877
1005821
1005710
1007877
1006117
1005820
1005691
1005747
1016802
1005858
1006765
1006488
1006247
1005858
1005117
1005154
1005433
1005210
1005321
1005228
1005487
1005302
1005302
1005302
1006006
1005673
1005728
1005691
1006062
1005747
1005728
1005692
1005988
1005821
1006543
1006432
1006451
1005599
1005636
1005858
1005877
1005691
1005691
1005802
1005932
1005784
1005765
1005691
1006099
1005692
1005636
1005747
1006080
1005654
1005784
1005635
1005969
1006414
1006303
1006339
1006562
1005580
1005636
1005672
1005895
1005784
1005729
1005636
1006061
1005580
1005654
1005728
1005988
1006155
1005839
1005858
1005951
1005654
1005728
1005617
1006951
1006432
1006488
1006266
1008266
1005877
1005654
1005654
1014024
1006044
1005673
1006284
1005821
1005729
1005747
1006303
1005821
1005654
1005654
1006376
1005821
1005821
1005673
1006358
1005877
1006321
1006451
1007025
1005654
1005746
1005636
1006228
1005691
1005617
1005747
1005876
1005765
1005636
1005692
1005877
1005728
1005654
1005673
1005914
1005673
1005673
1005654
1005987
1005784
1006469
1006395
1006599
1005673
1005580
1005765
1005951
1009025
1005747
1005635
1005839
1005802
1005691
1005765
1006025
1005803
1005728
1005821
1006043
1005821
1005672
1005691
1005895
1006469
1006358
1006321
1005746
1005766
1005709
1005802
1005932
1005692
1005747
1005599
1005858
1005765
1005673
1005636
1005895
1005728
1005747
1005783
1006099
1005746
1005691
1005691
1006006
1006450
1006284
1006395
1005895
1006840
1006025
1005692
1006173
1005599
1005839
1005821
1006136
1005673
1005747
1005617
1005525
1005173
1005192
1005118
1005580
1005210
1005191
1005099
1006025
1006432
1006414
1005599
1005858
1005821
1005692
1005747
1006043
1005803
1005729
1005654
1006043
1005654
1005710
1005691
1005987
1005654
1005728
1005691
1005988
1005784
1005654
1006321
1006007
1006451
1006395
1005617
1005876
1005821
1005858
1005765
1005950
1009247
1005803
1005673
1006080
1005710
1005581
1005581
1005988
1005710
1005636
1005802
1004932
1005766
1005710
1006321
1006099
1006562
1005655
1005747
1006007
1005747
1005766
1006766
1005710
1005692
1005710
1006340
1005840
1005784
1005598
1006228
1005839
1005765
1005710
1006265
1005821
1005747
1006321
1007173
1006413
1006228
1005488
1006284
1005914
1005691
1005636
1006321
1005876
1005895
1005747
1005988
1005802
1005691
1005617
1005877
1005747
1005580
1005691
1005895
1005766
1005618
1006432
1006747
1006377
1006321
1005543
1006006
1005802
1005765
1005691
1006006
1005710
1005692
1005710
1005950
1005728
1005784
1005784
1005970
1005561
1005747
1005691
1006043
1005728
1006469
1006506
1006599
1006377
1005599
1005803
1005876
1005802
1005783
1005691
1005932
1005710
1005618
1005710
1005876
1005765
1005691
1005765
1005988
1005765
1005710
1005803
1005932
1005710
1006414
1006414
1006524
1006340
1005617
1005672
1006006
1005728
1005636
1005766
1006081
1005710
1005877
1005692
1006006
1005765
1005784
1005691
1005987
1005802
1005728
1005654
1005932
1006284
1006321
1006376
1006525
1005673
1005802
1005765
1005932
1005562
1005655
1005673
1005987
1005599
1005636
1005562
1005969
1005784
1005821
1005691
1006006
1005821
1005784
1005802
1006135
1006488
1006340
1006395
1006858
1005673
1005691
1005765
1006247
1005784
1005655
1005580
1005543
1005229
1005229
1005173
1005581
1005062
1005209
1005135
1005433
1005173
1005228
1005117
1006154
1005803
1006025
1005839
1005432
1005358
1005247
1005302
1009765
1005414
1005117
1006247
1005284
1005247
1005172
1005914
1005340
1005191
1005284
1006025
1005229
1005303
1005173
1005932
1006210
1005821
1005895
1006691
1005247
1005061
1005228
1006654
1009376
1006877
1008081
1008562
1006395
1007543
1007488
1007210
1007192
1006951
1014858
1006173
1005376
1005247
1005172
1005488
1006080
1006061
1005803
1005246
1005266
1005192
1005266
1006784
1005358
1005117
1005136
1005469
1005229
1005247
1005155
1005433
1005247
1005228
1005136
1006173
1005821
1005710
1005784
1005895
1006562
1006469
1006339
1005895
1005728
1005636
1005710
1005951
1005766
1005840
1005747
1006006
1005728
1005747
1005691
1005932
1005747
1005672
1005636
1005914
1005802
1005821
1006414
1006025
1006450
1006265
1005599
1005951
1005543
1005765
1005802
1005895
1005821
1005673
1005710
1006025
1005672
1005599
1005766
1006006
1005710
1005673
1005747
1014728
1005877
1005728
1006284
1006006
1006302
1006358
1005544
1005932
1005728
1005747
1006007
1005988
1005710
1005673
1005729
1006099
1005950
1005636
1005765
1005543
1005339
1005228
1005191
1005673
1005266
1005932
1005895
1006266
1005932
1005043
1005265
1005988
1005803
1005821
1005802
1005951
1005654
1005765
1005840
1006024
1005802
1005654
1005803
1005914
1005747
1005747
1005673
1006895
1005784
1006228
1005895
1005025
1006525
1005784
1005729
1005988
1005839
1005618
1014914
1005487
1005154
1005192
1005450
1005266
1005173
1005247
1005692
1005284
1005155
1005136
1005284
1005321
1005987
1005803
1005914
1006025
1005191
1005228
1006136
1005321
1005117
1005210
1006062
1005340
1005191
1005210
1006006
1005376
1005210
1005247
1016136
1006025
1005803
1005858
1005950
1005654
1006450
1006488
1014766
1006524
1005599
1005710
1005895
1005580
1005765
1005747
1005932
1005784
1005673
1005710
1005987
1005821
1005691
1005839
1005840
1005729
1005729
1005784
1005950
1005821
1006358
1006321
1006581
1006321
1005654
1005710
1005895
1005766
1005747
1005766
1006061
1005784
1005766
1005747
1005988
1005802
1005710
1005747
1005932
1005765
1005654
1005635
1005914
1006377
1006358
1006377
1006672
1005543
1005673
1005784
1005802
1005766
1005635
1005747
1014710
1005895
1005672
1005784
1006061
1005654
1005617
1005673
1006006
1005747
1005691
1005858
1005932
1006414
1006247
1006265
1006617
1005655
1005599
1005636
1005913
1005765
1005599
1005821
1006006
1005747
1005710
1005691
1005969
1005784
1005654
1005617
1006043
1005784
1005636
1005784
1006043
1006525
1006450
1006396
1005821
1005802
1005710
1005803
1005988
1005691
1005598
1005636
1005970
1005803
1005636
1005821
1005951
1005858
1005692
1005710
1006006
1005729
1005747
1005617
1006784
1006321
1006377
1006358
1011840
1005951
1005784
1007525
1005803
1005691
1005673
1006303
1005877
1005654
1005672
1006265
1005840
1005784
1005673
1006321
1005710
1005728
1005599
1006321
1006691
1006302
1006229
1006932
1005673
1005710
1005821
1006247
1005802
1005710
1005710
1005913
1005710
1005729
1005747
1005839
1005728
1005710
1005599
1006062
1005580
1005691
1005543
1005506
1005969
1006044
1005877
1005303
1005284
1005191
1005135
1005914
1005692
1005709
1005654
1005876
1005729
1005692
1005636
1005895
1005691
1005617
1005802
1006006
1005710
1005692
1005655
1005969
1012265
1008506
1010302
1007080
1008247
1008377
1008265
1008654
1008451
1008562
1007246
1010895
1006599
1005821
1005655
1006358
1005747
1005654
1005747
1006191
1005840
1005709
1006543
1007303
1006581
1006432
1005543
1006080
1009209
1005913
1005691
1005432
1005210
1005136
1005192
1005413
1005247
1005210
1005136
1005599
1005265
1005210
1005136
1006043
1005895
1005599
1006340
1005932
1006544
1006247
1005673
1005988
1005802
1005710
1005654
1005932
1005821
1005654
1005747
1005969
1005673
1005728
1005728
1005932
1005969
1005969
1005710
1005969
1005654
1006265
1006413
1006024
1006469
1005654
1005784
1005950
1005673
1005710
1005673
1006061
1005802
1005729
1005710
1006913
1005821
1005673
1005728
1008043
1005914
1005673
1005839
1010025
1005932
1006247
1007414
1006506
1006358
1005636
1006377
1005803
1005839
1005599
1006339
1005673
1005729
1005729
1006339
1005784
1005710
1005710
1006395
1005821
1005691
1005728
1006302
1005840
1005692
1006321
1007099
1006413
1006376
1005747
1005913
1005710
1009024
1005710
1005951
1005692
1005840
1005729
1005877
1005784
1005691
1005673
1005988
1005728
1005710
1005673
1006061
1005729
1005599
1006469
1006784
1006469
1005636
1005710
1006080
1005709
1005710
1005672
1005969
1005710
1005839
1005784
1005950
1005747
1008914
1005673
1005895
1005766
1005728
1005895
1005895
1006247
1006506
1006506
1006654
1006358
1005654
1005599
1006173
1005599
1005692
1005729
1005488
1005377
1005210
1005136
1005487
1005247
1005173
1005155
1006007
1005858
1005839
1006802
1007265
1006709
1006599
1006414
1007006
1005655
1005803
1005729
1005395
1005247
1005302
1005247
1005525
1005266
1005247
1005043
1006044
1005950
1005747
1005858
1005932
1005599
1005728
1005710
1006024
1006395
1006376
1006395
1005876
1005932
1005636
1005673
1005914
1005839
1005598
1005840
1005895
1005839
1005765
1005784
1005988
1005618
1005673
1005692
1005932
1005839
1005580
1005858
1005950
1006562
1006339
1006469
1005765
1005728
1005728
1005654
1006043
1005691
1005618
1005636
1005988
1005673
1005692
1005673
1007228
1005840
1005710
1005710
1008358
1005784
1005821
1005710
1013543
1006654
1006377
1007025
1005747
1005784
1005599
1006414
1005876
1005673
1005839
1006377
1005729
1005784
1005840
1006247
1005914
1005710
1005710
1006339
1005876
1005728
1005710
1006284
1006617
1006543
1006339
1006562
1006025
1005765
1005858
1006080
1005728
1005691
1005636
1005987
1005710
1005784
1005710
1006136
1005802
1005691
1005691
1006136
1005839
1005728
1005673
1006062
1006488
1006340
1006395
1005803
1005692
1005803
1005710
1006062
1005747
1005599
1005691
1005932
1005803
1005877
1005728
1005969
1005765
1005747
1005654
1006080
1005765
1005728
1005784
1005969
1006543
1006395
1006358
1005839
1005784
1005821
1005691
1005896
1005877
1005654
1005728
1005932
1005821
1005709
1005617
1006099
1005691
1005747
1005654
1006043
1005784
1005654
1006358
1006080
1006358
1006321
1005654
1005987
1005654
1005673
1005766
1005877
1005913
1007081
1008951
1005932
1005821
1005617
1005635
1006340
1005673
1005766
1005710
1005469
1005414
1005247
1005821
1005543
1006024
1005784
1008044
1006173
1009191
1005747
1005599
1006135
1005988
1005710
1005784
1006303
1005840
1005747
1005709
1006043
1005988
1005673
1005617
1006080
1005803
1006358
1006432
1006710
1006525
1005580
1005709
1005914
1005766
1005784
1005673
1006025
1005654
1005746
1005673
1006432
1005784
1005691
1005821
1009692
1005987
1005728
1005765
1005969
1005729
1006247
1007173
1006506
1006524
1005691
1006080
1005913
1005914
1005766
1006766
1005969
1005877
1005821
1006543
1005803
1005692
1005932
1006376
1005895
1005951
1005784
1005950
1011265
1006024
1006525
1008432
1006525
1006858
1005654
1006025
1005803
1005766
1005858
1006099
1006081
1006599
1005839
1005876
1005691
1005747
1005784
1006007
1005821
1005636
1005747
1005951
1005691
1006321
1006635
1006691
1006377
1005692
1005673
1006006
1005636
1005673
1005747
1005988
1005802
1005821
1005618
1005877
1005747
1005728
1005747
1006043
1005710
1005728
1005747
1006043
1005877
1006561
1006284
1006784
1005598
1005839
1005858
1005969
1005710
1005747
1005654
1005913
1005636
1005729
1005784
1005895
1005784
1005691
1005636
1005988
1005766
1005636
1005784
1005987
1006376
1006228
1006247
1006562
1005710
1005729
1005729
1005970
1005654
1005692
1005766
1005913
1005895
1005728
1005747
1005914
1005747
1005784
1005840
1005970
1005729
1005636
1005691
1005950
1006469
1006321
1006302
1005802
1005710
1005765
1005728
1005932
1005858
1005729
1005821
1005932
1005691
1005691
1005580
1006524
1005987
1005932
1005673
1005987
1006135
1005932
1005766
1006321
1006432
1006377
1006266
1005914
1005784
1005654
1005765
1015654
1005932
1005654
1005784
1007451
1005229
1005303
1005210
1010284
1005284
1005284
1005562
1005154
1005210
1005303
1005321
1005988
1005784
1005914
1006914
1005154
1005284
1005210
1006043
1005302
1005302
1005136
1005987
1005302
1005136
1005192
1006099
1005265
1005228
1005229
1006025
1005302
1005210
1005210
1005284
1006062
1005988
1006043
1006024
1005784
1005821
1005655
1005821
1005765
1005599
1005747
1005876
1005840
1005802
1005784
1005987
1005914
1005655
1005766
1005969
1005692
1005766
1005729
1006525
1009025
1006247
1006376
1005728
1005802
1005654
1005784
1005988
1005710
1005766
1005692
1005932
1005766
1005673
1005543
1005728
1005691
1005784
1005710
1005895
1005821
1005672
1005747
1005969
1006488
1006321
1005617
1005895
1005710
1005710
1005710
1005951
1005784
1005747
1005839
1005950
1005729
1005692
1005840
1006024
1005636
1005655
1005654
1005876
1005728
1005728
1006395
1006043
1006432
1006414
1005654
1005950
1005710
1005729
1005673
1005932
1005747
1005784
1005692
1006006
1005728
1005821
1005784
1005932
1005839
1005784
1005821
1005969
1005802
1006395
1006413
1014673
1006691
1005692
1005673
1005766
1005691
1005691
1005598
1006006
1005784
1005692
1005692
1005895
1005691
1005562
1005747
1006043
1005784
1005673
1005728
1005895
1005692
1006210
1006265
1005914
1006451
1005636
1005747
1005988
1005691
1005709
1005784
1006024
1005821
1005765
1005691
1006858
1005876
1005729
1005895
1011914
1005858
1005729
1006376
1005895
1005672
1006265
1007080
1006414
1006339
1005618
1006303
1005784
1005765
1005654
1005525
1005321
1005247
1005210
1005469
1005191
1005209
1005154
1005395
1005025
1005173
1005229
1005321
1005136
1005099
1005950
1006988
1006358
1005710
1005672
1005932
1005543
1005765
1005635
1006043
1005710
1008877
1005784
1005895
1005710
1005728
1005654
1005969
1005803
1005673
1005599
1006025
1005636
1006432
1006469
1006654
1006413
1005636
1005691
1005895
1005729
1005562
1005654
1005895
1005747
1005617
1005710
1005840
1005821
1005654
1005821
1005969
1005599
1005562
1005729
1005951
1006413
1006321
1006432
1006654
1005673
1009081
1005710
1006043
1005709
1005654
1005617
1006006
1005728
1005747
1005821
1005821
1005655
1005692
1005691
1006043
1005784
1005673
1005803
1006043
1006469
1006395
1006395
1006617
1005617
1005766
1005691
1005932
1005710
1005691
1005766
1005858
1005710
1005710
1005803
1006007
1005692
1005729
1005729
1005914
1005710
1005766
1005766
1005858
1006414
1006376
1006321
1005784
1005692
1005635
1005766
1005858
1005728
1005654
1005802
1006006
1005710
1005728
1005543
1006007
1005692
1005914
1005655
1005988
1005858
1005692
1005710
1005932
1006414
1006209
1006340
1005692
1005784
1005784
1005710
1006081
1005747
1005692
1005803
1007303
1005728
1005543
1005728
1008728
1005895
1005654
1005747
1014099
1005914
1005729
1006358
1006617
1006358
1006340
1007043
1005803
1005617
1009007
1005598
1005691
1005710
1005765
1006339
1005858
1005636
1005691
1006302
1005821
1005710
1005636
1006247
1005932
1005543
1005655
1005895
1006303
1006525
1006376
1006617
1005470
1005692
1005840
1005950
1005728
1005747
1005543
1005988
1005784
1005673
1005747
1005913
1005710
1005914
1005691
1007858
1007691
1005821
1005691
1006266
1006599
1006377
1010228
1006025
1006117
1005710
1005599
1006061
1005765
1005747
1005802
1005821
1005858
1005543
1005766
1005951
1005710
1005803
1005746
1006043
1005691
1005691
1005654
1005950
1006451
1006303
1005636
1005877
1005710
1005710
1005710
1005969
1005691
1005673
1005765
1006043
1005729
1005784
1005747
1005950
1005821
1005562
1005673
1006173
1005709
1005691
1006451
1005599
1006080
1005765
1005080
1005525
1005284
1005210
1005155
1005154
1005136
1005266
1005173
1005932
1005784
1005654
1008932
1005895
1005821
1005655
1005802
1005932
1005580
1006321
1006321
1005877
1006395
1005617
1005580
1005932
1005783
1005747
1005598
1006024
1005636
1005617
1005617
1006062
1005599
1005766
1005728
1006080
1005691
1005599
1005710
1005932
1005895
1006229
1006377
1005951
1006358
1006154
1005692
1007413
1005876
1005747
1005710
1004932
1005932
1005710
1005525
1008561
1005932
1005691
1005784
1014191
1005932
1005802
1005691
1005728
1005710
1006487
1007080
1006543
1006339
1005654
1006488
1005876
1005691
1005710
1006414
1005858
1005728
1005728
1005599
1005654
1005673
1005728
1006006
1005821
1005691
1005692
1005858
1005691
1005710
1006450
1005987
1006469
1005580
1005821
1005877
1005710
1005710
1005747
1005877
1005821
1005784
1005562
1006043
1005710
1005747
1005599
1005803
1005599
1005673
1005728
1005969
1005746
1006377
1006506
1006506
1007136
1011506
1009784
1008302
1007710
1007154
1008487
1009136
1009043
1007006
1007913
1011691
1008192
1005766
1006025
1007099
1005839
1005802
1005673
1006229
1006803
1006340
1006414
1006803
1005118
1005784
1005025
1005599
1005172
1005321
1005284
1005302
1005173
1005228
1005099
1005543
1005210
1005191
1005024
1005599
1005229
1005099
1005247
1005561
1005914
1005784
1005950
1007710
1005914
1005247
1005321
1006080
1005766
1005710
1005765
1006191
1005747
1005691
1005673
1005654
1005154
1005284
1005228
1005562
1005247
1005210
1005229
1006099
1006543
1006525
1006525
1005987
1005839
1005710
1005765
1006080
1005766
1005766
1005692
1005951
1005802
1005691
1005636
1005876
1005654
1005747
1005710
1006136
1005821
1005728
1006414
1005950
1006543
1006340
1005618
1009266
1005840
1005692
1005655
1008284
1005858
1005636
1005784
1005969
1005691
1005580
1006450
1005765
1005784
1005729
1005803
1009024
1005766
1005710
1007228
1006543
1006284
1006247
1006339
1005933
1005803
1005766
1006377
1005914
1005691
1005617
1006284
1005877
1005655
1005710
1006118
1005673
1005691
1005784
1006025
1005728
1005691
1005766
1006802
1006599
1006284
1006358
1005729
1005710
1005747
1005729
1005803
1005673
1005655
1005802
1005969
1005895
1005710
1005765
1005988
1005877
1005803
1005766
1005988
1005839
1005636
1006488
1006766
1006432
1006284
1005561
1006043
1005747
1005765
1005691
1006006
1005839
1005728
1005710
1005970
1005802
1005654
1005599
1005951
1005803
1005820
1005654
1005950
1005599
1005691
1006450
1006562
1006358
1006210
1005747
1006006
1005747
1005802
1005710
1005932
1005840
1005672
1005821
1005969
1005747
1005710
1005821
1005876
1005765
1005747
1005747
1006007
1005562
1006413
1006339
1005895
1006358
1005617
1005747
1005969
1005728
1005747
1005691
1005895
1005728
1005580
1005673
1005951
1006117
1005691
1005765
1006247
1005876
1005617
1005673
1006173
1005821
1006302
1006136
1006210
1005543
1005561
1005747
1006043
1005784
1005710
1005654
1005525
1005192
1005154
1005191
1005580
1005284
1005154
1005173
1005339
1005191
1005191
1005321
1006080
1005765
1006339
1006413
1007062
1005636
1005728
1005728
1005913
1005691
1005803
1005728
1005950
1005636
1005691
1005580
1006025
1009247
1005821
1006470
1005858
1005692
1005673
1006321
1005766
1005710
1006414
1007006
1006488
1005580
1005691
1006302
1005895
1005673
1005728
1006247
1005747
1005766
1005729
1006433
1005766
1005766
1005784
1006043
1005839
1005673
1005747
1005932
1005877
1006488
1006488
1006692
1005580
1005673
1005672
1006025
1005691
1005728
1005821
1006025
1005728
1005821
1005710
1005951
1005784
1005858
1005673
1005858
1005747
1005747
1005672
1006062
1006562
1006561
1006321
1006636
1005691
1005840
1005636
1005821
1005747
1005765
1005654
1006043
1005858
1005766
1005747
1007358
1006692
1007507
1005802
1006080
1005729
1005673
1005766
1005914
1006506
1006414
1006339
1005840
1005747
1005821
1005672
1006062
1005710
1005654
1005747
1005969
1005654
1005839
1006339
1006118
1005599
1005765
1005913
1006691
1005950
1008765
1008913
1008877
1009987
1008469
1008432
1008432
1007617
1008895
1007044
1007192
1012321
1006636
1006136
1005987
1005821
1005839
1005617
1006154
1005710
1005784
1005617
1006118
1005784
1005580
1006506
1006987
1006284
1006340
1005524
1007413
1006025
1005729
1005710
1006062
1005821
1009043
1005598
1006043
1005784
1005710
1005728
1006043
1005747
1005673
1005747
1005081
1005710
1005729
1006469
1006229
1006988
1006506
1005673
1013118
1006117
1005635
1005691
1005376
1005247
1005265
1005395
1005209
1005247
1005228
1005358
1005340
1005229
1005210
1005451
1005172
1005247
1005191
1006154
1006061
1005858
1005913
1006099
1005339
1005210
1005210
1006006
1005266
1005173
1005191
1006191
1005802
1005672
1005766
1005932
1005784
1005710
1009007
1005950
1005895
1005691
1006413
1006562
1006432
1006210
1005507
1005821
1005710
1005710
1005802
1005895
1005839
1005580
1005636
1005821
1005803
1005729
1005729
1005914
1005747
1005802
1005654
1005933
1005784
1005691
1006432
1006692
1006395
1006284
1008284
1005969
1005858
1005710
1005709
1005839
1005784
1005692
1005618
1005877
1005747
1005766
1005784
1005988
1005765
1005673
1005710
1006506
1007840
1006451
1006265
1006951
1006321
1005617
1005654
1005988
1005692
1005710
1005599
1005858
1005691
1005618
1008951
1005932
1005858
1005710
1005691
1005969
1005654
1005654
1008858
1005969
1005932
1006451
1006339
1006562
1006321
1005618
1005877
1005914
1005691
1005617
1005561
1005914
1005728
1005580
1005636
1005802
1005673
1005581
1005784
1005913
1005766
1005636
1005598
1005932
1006432
1006358
1006376
1006450
1005599
1005673
1005617
1005895
1005784
1005654
1005654
1005839
1005654
1005784
1005673
1005933
1005729
1005747
1005691
1005932
1005821
1005672
1005561
1006080
1006395
1006414
1006358
1009136
1005728
1005654
1013598
1005951
1005784
1005636
1006395
1005728
1005728
1005599
1006395
1005839
1005691
1005654
1006506
1005839
1005710
1005581
1006376
1005784
1006432
1006506
1006951
1006340
1005932
1005877
1005562
1005246
1005247
1005210
1005524
1005229
1005525
1005173
1005358
1005673
1005136
1005173
1005506
1005136
1005209
1005117
1005580
1006025
1006043
1005839
1006080
1005099
1005247
1005117
1005358
1005099
1005136
1005173
1005488
1005043
1005155
1005155
1005951
1005746
1005636
1005691
1005729
1005672
1005673
1005562
1006006
1006654
1006525
1006302
1005691
1005562
1005599
1005747
1006080
1005765
1005691
1005728
1005821
1005766
1005766
1005766
1005950
1005709
1005543
1005784
1005914
1005635
1005728
1005728
1007803
1006210
1006376
1006303
1006210
1005728
1005802
1005747
1016636
1006006
1005709
1005709
1006135
1005821
1005636
1005617
1005970
1005803
1005655
1005710
1005895
1005654
1005747
1005673
1005488
1005969
1005821
1005154
1005265
1005303
1005136
1005303
1005951
1005710
1005655
1005747
1006062
1005728
1005617
1005784
1005858
1005728
1005599
1005655
1006025
1005654
1005654
1006413
1005913
1006506
1006303
1005580
1005895
1005673
1005710
1005691
1014506
1005932
1005728
1005858
1005932
1005710
1005821
1005598
1005877
1005654
1005746
1005617
1005803
1005691
1005543
1006155
1014747
1006562
1006339
1005580
1013728
1005895
1005580
1006432
1005950
1005765
1005821
1006451
1005821
1005839
1005673
1006358
1005747
1005654
1005821
1006284
1005896
1005580
1005654
1007173
1006562
1006284
1006339
1006210
1005858
1005784
1005617
1005969
1005839
1005821
1005728
1005932
1005728
1005691
1005691
1005895
1005618
1005766
1005729
1005895
1005858
1005562
1005672
1006654
1006469
1006376
1005525
1005784
1005765
1005580
1005636
1006006
1005765
1005765
1005728
1006025
1005766
1005692
1005599
1005895
1005709
1005654
1005784
1006043
1005562
1005821
1006450
1006636
1006395
1006284
1005432
1005988
1005673
1005728
1005617
1005358
1005302
1005154
1005284
1005469
1005303
1005210
1005173
1005432
1005210
1005284
1005117
1005562
1005284
1005710
1005803
1006544
1006358
1005692
1006192
1005803
1005673
1005802
1005765
1005913
1005673
1005692
1005654
1005932
1005747
1005599
1005710
1006043
1005784
1005506
1005673
1005821
1005710
1006265
1006247
1006562
1005561
1005599
1005821
1005784
1005821
1005672
1005562
1005858
1005728
1005765
1005636
1005988
1005802
1005691
1005691
1005932
1005747
1005654
1005672
1006006
1006451
1006209
1006265
1006617
1005673
1005710
1005802
1005840
1005580
1005562
1005729
1005895
1005691
1005784
1005617
1005987
1005636
1005692
1005580
1005988
1005562
1005599
1005747
1007969
1006470
1006414
1006340
1008914
1005784
1005691
1010432
1005803
1005729
1005746
1006358
1005858
1005803
1005655
1006247
1005821
1005746
1005710
1006246
1005840
1005728
1005580
1005543
1005728
1006414
1006395
1006969
1005617
1009136
1005728
1006247
1005821
1005636
1005673
1005821
1005747
1005691
1005783
1005913
1005673
1005655
1005692
1005821
1005784
1005784
1005691
1006025
1006525
1006432
1006321
1006784
1005617
1005691
1005784
1005913
1005839
1005840
1005729
1005951
1005654
1005784
1005803
1005858
1005765
1005673
1005765
1006080
1005710
1005710
1005710
1006006
1006358
1006469
1006302
1005932
1005728
1005802
1005599
1005951
1005654
1005599
1005728
1005932
1005729
1005562
1005821
1005877
1005655
1005655
1005729
1005932
1005895
1005710
1005654
1005932
1006395
1006303
1006284
1005784
1005821
1005710
1005747
1005784
1005655
1005654
1005636
1006080
1005728
1005839
1005728
1005951
1005783
1005766
1005729
1006136
1005766
1005673
1005654
1006728
1006395
1006358
1005544
1005988
1005691
1008858
1005821
1006006
1006395
1007061
1005858
1006136
1005784
1005710
1005580
1006172
1005710
1005654
1005617
1005544
1005321
1005192
1005932
1005561
1005970
1005858
1005099
1005266
1005136
1005154
1005173
1005987
1005691
1005710
1005747
1005969
1005617
1008876
1005599
1006080
1005821
1005839
1005673
1005987
1005691
1006487
1006302
1008136
1006544
1005617
1005691
1013265
1005784
1005691
1006340
1005840
1005784
1005765
1006376
1005821
1005673
1005839
1006395
1005802
1005747
1005580
1006247
1005746
1005710
1005691
1007062
1006618
1006303
1005488
1006247
1005877
1005766
1005654
1005970
1005710
1005655
1005692
1005858
1005617
1005673
1005673
1005950
1005784
1005765
1005562
1005803
1005783
1005691
1006451
1006802
1006284
1006266
1005691
1005932
1005728
1005636
1005729
1005914
1005766
1005765
1005765
1005932
1005784
1005654
1005784
1005932
1005747
1005784
1005673
1005988
1005728
1005636
1006469
1006765
1006450
1005451
1005673
1005877
1005618
1005691
1005710
1005840
1005673
1005765
1005728
1005821
1005710
1005636
1005599
1005969
1005655
1005617
1005654
1005988
1005673
1006284
1006284
1006525
1006377
1005544
1005766
1005914
1005709
1005747
1005617
1005839
1005617
1005710
1005654
1005914
1005673
1005747
1005617
1005821
1005543
1005635
1005673
1006007
1006395
1006339
1006377
1006636
1005580
1005765
1005561
1005839
1005839
1005691
1005765
1006006
1005562
1005710
1005710
1005951
1005784
1005469
1005655
1005877
1005746
1005654
1005877
1006135
1006395
1006265
1006302
1006654
1005543
1005673
1005673
1005895
1005692
1005636
1009062
1006098
1005729
1005765
1005765
1006191
1005747
1005673
1005691
1006173
1005784
1005654
1005654
1006654
1006358
1006247
1006340
1010543
1005858
1005655
1006284
1008284
1005747
1005691
1007247
1005691
1005636
1005821
1006210
1005710
1005673
1005765
1006321
1005821
1005747
1005562
1006246
1006580
1006432
1006321
1007155
1005692
1005728
1005673
1006358
1005839
1005617
1005728
1005988
1005747
1005655
1005655
1005858
1005765
1005654
1005728
1005858
1005783
1005636
1005617
1005933
1006358
1006395
1006321
1006617
1005580
1005729
1005747
1005895
1005747
1005710
1005655
1005950
1005765
1005673
1005784
1005932
1005840
1005618
1005692
1005932
1005784
1005673
1005728
1006784
1006432
1006377
1006228
1005821
1005672
1005803
1005692
1005840
1005710
1005580
1005765
1005821
1005729
1005747
1005710
1006006
1005765
1005765
1005673
1005932
1005728
1005784
1005691
1005913
1006525
1006451
1006340
1005783
1005709
1005525
1005858
1006062
1005932
1005487
1005728
1005784
1005821
1005617
1005580
1005951
1005839
1005765
1005673
1014506
1005988
1005747
1006395
1005784
1006358
1006340
1005581
1005876
1005784
1005709
1005692
1005840
1005710
1005672
1005784
1006006
1005654
1005747
1005673
1005988
1005636
1005672
1005747
1005895
1005766
1005636
1006376
1006507
1006302
1006321
1005710
1014895
1005876
1005710
1005766
1006006
1005728
1005599
1005710
1005932
1005802
1005673
1005821
1006395
1005765
1005766
1005654
1007154
1005951
1005691
1006302
1012432
1007525
1006506
1005747
1005450
1005321
1005321
1005340
1005395
1005192
1005210
1005358
1005247
1005172
1005191
1005228
1005247
1005135
1005191
1005450
1005228
1005284
1005913
1006154
1006062
1005747
1005155
1006210
1005377
1005210
1005246
1006266
1005784
1005765
1005543
1005802
1005784
1005654
1005691
1005932
1005729
1005672
1005636
1005877
1005691
1005635
1006432
1006561
1006377
1006284
1005599
1005932
1005821
1005655
1005655
1005933
1005673
1005691
1005691
1005821
1005877
1005618
1005692
1005821
1005728
1005617
1005673
1005877
1005692
1006433
1006506
1006580
1006340
1005599
1005636
1005932
1005784
1005636
1005654
1005951
1005766
1006006
1005784
1005802
1005802
1005636
1005951
1006210
1005710
1005728
1005599
1006210
1009136
1006506
1011488
1008395
1008432
1008024
1007729
1009562
1007117
1007784
1006858
1006803
1013024
1007228
1005154
1006321
1005709
1005969
1005617
1006173
1005710
1005599
1005803
1006192
1006487
1006414
1006265
1006913
1005784
1005765
1005728
1007265
1005691
1005747
1005617
1005877
1005803
1005636
1005654
1006006
1005803
1005747
1005673
1005969
1005654
1005636
1005729
1005914
1006524
1006173
1006284
1005673
1005710
1005655
1005617
1005895
1005654
1005784
1005673
1014747
1005821
1005691
1005581
1005951
1005784
1005524
1005728
1011617
1005895
1005673
1006303
1005895
1006543
1006414
1006951
1005802
1005747
1005672
1006210
1005728
1005710
1005766
1006340
1005618
1005710
1005729
1006358
1005840
1005802
1005654
1006358
1005766
1005729
1005599
1005561
1005172
1005969
1006024
1006321
1005210
1005303
1005247
1005488
1005192
1005173
1005117
1005432
1005191
1005173
1005173
1005932
1005766
1005969
1007173
1007080
1006877
1005766
1005618
1006229
1006580
1006414
1006339
1005876
1005710
1005654
1005617
1005914
1005747
1005728
1005691
1005487
1005340
1005247
1005192
1005358
1005192
1005210
1005284
1005432
1005284
1005191
1005210
1005469
1005988
1008932
1005766
1005765
1005654
1005673
1005655
1005933
1005673
1008950
1005636
1005840
1005691
1005599
1005655
1005932
1005691
1005599
1005599
1005895
1005729
1005692
1005692
1005933
1006488
1006303
1005562
1005803
1005580
1005710
1005710
1006025
1005636
1009025
1005728
1005969
1005821
1005728
1005710
1005858
1005747
1005783
1005636
1005839
1005839
1005710
1006376
1005988
1006376
1006358
1005580
1005876
1005691
1005673
1005654
1005950
1005784
1005710
1005729
1005969
1005709
1005673
1005691
1005987
1005562
1005617
1005691
1005914
1005636
1005654
1006321
1006025
1006395
1005636
1005655
1005821
1005617
1005580
1005728
1005988
1005710
1005636
1005655
1006099
1005729
1005821
1005581
1005988
1005655
1005729
1005710
1011636
1005895
1006451
1007024
1006414
1006414
1008340
1006414
1005840
1005673
1005636
1006228
1005876
1005765
1005728
1006376
1005710
1005729
1005618
1006395
1005710
1005821
1005618
1006340
1005692
1005710
1006358
1007043
1006395
1006358
1005580
1005876
1005525
1005840
1005692
1005858
1005765
1005710
1005654
1005877
1005654
1005709
1005562
1005821
1005672
1005728
1005580
1006044
1005691
1005599
1006376
1006747
1006358
1006358
1005691
1005914
1005673
1005599
1005599
1005858
1005729
1005673
1005654
1005950
1005765
1005673
1005729
1005895
1005747
1005747
1005635
1005988
1005655
1006358
1006284
1006580
1006266
1005580
1005655
1005932
1005803
1005636
1005784
1006006
1005766
1005765
1005691
1005358
1005229
1005247
1005136
1005599
1005303
1005099
1005229
1005469
1005932
1005802
1005821
1006339
1005062
1005099
1005228
1005432
1005284
1005247
1005136
1006024
1005858
1005580
1005729
1005858
1005747
1005673
1005710
1005969
1005766
1005858
1005673
1006080
1006265
1006265
1006321
1006673
1005636
1005728
1005747
1005932
1005654
1005673
1005524
1005950
1005543
1005691
1005635
1006117
1005821
1005673
1006006
1009062
1007969
1007339
1008395
1010191
1009228
1011784
1010636
1006766
1009895
1010969
1007284
1013858
1006062
1005747
1005691
1006061
1005766
1005766
1005784
1006525
1005358
1005284
1005599
1005210
1005229
1005173
1015339
1005969
1005746
1005876
1006247
1005099
1005080
1005191
1005488
1005302
1005229
1005173
1005395
1005191
1005154
1005117
1006228
1005302
1005247
1005192
1005266
1005265
1005155
1005266
1005932
1006635
1006543
1006284
1005839
1005821
1005654
1005728
1005765
1005803
1005710
1005784
1005766
1005840
1005580
1005618
1005858
1005765
1005654
1005728
1005951
1005803
1005618
1005654
1005950
1006414
1006488
1006321
1005803
1005691
1005543
1005728
1005784
1005840
1005636
1005691
1005895
1005821
1005728
1005728
1005951
1005635
1005765
1005673
1006099
1005784
1005691
1005636
1006654
1006339
1006340
1005635
1005950
1005636
1005729
1005525
1005969
1005710
1005692
1005840
1005858
1005691
1005765
1005747
1005932
1005729
1005747
1005728
1005988
1005692
1005655
1006377
1014581
1006598
1006265
1005506
1005895
1005709
1005654
1005784
1005895
1005673
1005692
1005728
1006006
1005747
1005784
1005636
1006876
1005766
1005692
1005821
1006062
1005784
1005728
1006265
1006173
1006450
1005617
1005913
1005414
1005172
1005303
1005192
1005618
1005172
1005229
1005210
1005524
1005340
1007376
1005247
1006173
1005747
1005599
1005747
1006210
1005692
1006451
1006302
1006135
1006395
1005580
1005654
1006784
1005710
1005580
1005672
1006914
1005784
1005691
1005655
1008414
1005692
1005840
1005561
1013876
1005895
1005692
1006525
1005932
1005599
1006413
1007117
1006506
1006339
1005617
1006340
1005784
1005784
1005747
1005562
1005710
1005692
1005729
1006487
1005858
1005747
1005581
1006617
1005784
1005673
1005654
1005803
1005692
1005710
1006376
1006710
1006451
1005487
1005729
1005803
1005765
1005728
1005728
1005969
1005784
1005598
1005765
1006007
1005692
1005562
1005598
1005840
1005617
1005691
1005672
1005877
1005673
1006432
1006321
1006543
1006321
1005525
1005784
1005877
1005709
1005839
1005729
1006025
1005802
1005691
1005691
1005765
1005710
1005580
1005580
1005914
1005840
1005655
1005636
1005913
1006395
1006154
1006284
1006414
1005636
1005747
1005691
1005821
1005765
1005561
1005580
1005691
1005728
1005636
1005728
1005858
1005821
1005728
1005691
1005895
1005821
1005618
1005765
1005839
1006414
1006377
1006321
1006562
1005599
1005710
1005729
1006025
1005746
1005599
1005635
1005970
1006358
1005747
1005618
1006025
1005635
1005728
1005691
1005913
1005729
1005747
1005766
1005914
1006432
1006302
1006339
1005747
1009154
1005709
1005672
1005876
1005784
1005580
1005765
1006062
1005858
1005784
1005747
1005932
1005765
1005729
1005636
1005932
1005765
1005728
1005691
1006173
1006358
1006246
1006265
1006321
1005358
1005080
1005210
1005599
1005173
1005173
1005210
1005432
1005266
1005229
1005043
1005618
1005192
1005117
1005173
1005451
1005192
1005210
1006265
1006006
1005747
1005840
1006006
1005303
1005247
1005006
1006025
1005265
1005154
1005173
1005950
1005229
1005136
1005154
1006080
1005284
1005210
1005118
1006099
1005247
1005155
1005266
1006877
1006136
1005858
1005802
1005914
1005710
1005580
1005784
1005914
1005728
1005635
1005747
1005876
1005747
1009025
1005710
1005913
1005765
1005747
1005655
1005858
1005654
1005673
1006284
1006581
1006266
1006247
1005636
1005969
1005654
1005673
1005654
1005970
1005673
1005655
1005599
1005728
1005728
1005673
1005691
1005969
1005729
1005599
1005562
1005950
1005599
1005692
1006432
1006488
1006321
1006302
1005654
1005876
1005784
1005654
1005710
1005969
1005821
1005654
1005802
1005987
1005728
1005728
1005747
1006044
1005544
1005803
1005710
1005969
1005654
1006525
1006302
1006506
1006247
1005543
1005691
1005969
1005765
1005636
1005618
1005877
1005581
1005747
1005673
1009692
1006784
1006747
1005858
1005987
1005673
1005840
1005747
1005951
1005561
1006414
1006321
1006525
1005636
1005673
1005654
1005858
1005617
1005636
1005784
1006043
1005691
1005580
1005617
1005839
1005821
1005691
1005561
1005914
1005617
1005728
1005672
1006099
1006414
1006247
1006340
1006525
1005580
1005765
1005617
1005951
1005729
1008969
1005636
1006044
1005765
1005710
1005488
1005117
1005876
1005710
1005803
1009506
1005858
1005765
1010136
1005932
1006562
1006266
1007025
1006469
1005580
1005710
1006376
1005766
1005488
1005692
1006321
1005839
1006006
1007450
1005803
1006117
1005506
1009117
1005561
1005099
1005228
1005191
1005506
1005118
1005840
1005933
1006451
1005821
1005191
1005154
1005544
1005284
1005062
1005210
1005544
1005284
1005229
1005155
1005487
1005414
1005173
1009154
1005451
1005247
1005136
1005284
1006007
1005803
1006414
1006376
1006673
1005636
1005710
1005691
1005932
1005729
1005933
1005636
1005839
1005580
1005802
1005784
1005877
1005858
1005729
1005692
1005858
1005728
1005654
1005654
1006006
1006395
1006451
1006340
1005839
1005710
1012321
1005710
1007099
1005821
1005839
1009099
1006006
1005988
1005710
1005839
1006247
1005784
1005876
1006136
1006413
1005673
1005636
1005618
1005877
1006618
1006414
1006395
1005821
1005766
1005673
1005784
1006025
1005802
1005654
1005673
1005913
1005765
1005840
1005858
1005988
1005673
1005802
1008950
1005802
1005672
1006080
1005802
1006080
1006432
1006339
1005543
1005932
1005784
1005710
1005747
1005914
1005895
1006118
1005636
1006024
1005821
1005692
1005673
1005950
1005710
1005802
1005747
1005969
1005840
1005747
1006321
1006006
1006358
1006321
1008154
1005877
1005673
1005673
1005784
1005913
1005784
1005821
1005728
1005914
1005729
1005673
1005747
1014006
1005895
1005691
1006895
1005821
1005784
1005691
1007173
1006488
1006302
1006321
1006321
1005858
1005710
1005765
1006284
1005840
1005729
1005599
1005618
1005710
1005710
1005692
1006432
1005840
1005784
1005710
1005987
1005765
1005710
1005617
1007099
1006488
1006377
1006284
1005729
1005729
1005618
1005710
1005914
1005709
1005635
1005691
1005988
1005710
1005654
1005728
1005950
1005710
1005746
1005654
1006062
1005729
1005747
1006469
1006803
1006358
1006951
1005766
1005988
1005821
1005729
1005747
1006395
1005636
1005747
1005710
1005339
1005284
1005191
1005266
1005450
1005247
1005154
1005265
1005913
1005802
1005654
1006525
1006655
1006358
1005654
1005691
1006080
1005673
1005654
1005802
1005913
1005803
1005673
1005673
1006025
1005821
1005692
1005710
1005969
1005691
1005580
1005728
1005858
1005765
1006414
1006266
1006598
1006321
1005561
1005747
1005914
1005654
1005599
1005765
1005950
1005784
1005580
1005710
1006024
1005673
1005728
1005784
1006062
1005728
1005766
1005599
1005913
1006395
1006284
1006172
1006599
1005655
1005654
1005599
1005821
1005803
1005710
1005747
1005932
1005691
1005747
1005673
1005876
1005784
1005692
1005655
1005913
1005746
1005821
1005729
1014580
1006543
1006395
1006395
1006488
1005581
1005766
1005692
1005877
1005765
1005654
1005728
1007802
1005747
1005673
1005636
1010543
1005932
1005692
1010395
1005969
1005766
1005580
1006377
1005821
1006451
1006284
1007006
1006488
1005544
1005617
1006228
1005766
1005599
1005691
1006432
1005840
1005747
1005655
1006321
1005913
1005821
1005691
1006340
1005747
1005747
1005691
1005858
1005673
1006358
1006321
1006488
1006358
1005506
1005673
1005821
1005580
1005784
1005636
1005932
1005803
1005691
1005709
1006006
1005858
1005709
1005765
1005914
1005747
1005580
1005691
1005802
1006413
1006321
1006303
1006803
1005562
1005655
1005543
1005913
1005728
1005821
1005710
1005821
1005691
1005783
1005803
1005895
1005858
1005746
1005784
1005895
1005802
1005710
1005673
1005914
1006488
1006247
1006228
1005673
1005617
1005821
1005691
1005951
1005710
1005654
1005617
1005839
1005618
1005988
1005709
1005987
1005673
1005654
1005710
1006117
1005747
1005636
1005710
1006284
1008951
1006025
1005821
1005376
1005395
1005266
1005247
1005284
1005229
1005210
1005303
1006006
1005858
1005728
1005635
1005951
1005821
1005710
1005710
1005839
1005784
1005598
1005654
1006746
1006191
1006284
1005580
1005969
1005858
1005599
1005747
1005932
1005598
1005709
1005673
1005876
1005691
1005654
1005561
1006043
1009173
1005784
1005728
1006043
1005728
1005765
1006451
1005913
1006469
1006302
1005617
1005969
1005710
1005691
1005802
1006303
1005729
1005598
1005636
1007469
1005913
1005673
1005710
1012358
1005839
1005636
1006469
1005876
1005580
1005710
1007062
1006432
1008951
1006432
1006154
1005895
1005673
1005617
1006321
1005877
1005746
1005784
1006210
1005728
1005654
1005654
1006210
1005895
1005747
1005729
1005933
1005729
1005710
1005691
1006765
1006469
1006617
1006284
1005877
1005877
1005692
1005692
1005969
1005747
1005691
1005635
1005969
1005654
1005562
1005710
1005840
1005765
1005747
1005784
1005969
1005729
1005803
1006303
1006783
1006247
1006321
1005581
1005951
1005673
1005691
1005673
1005839
1005839
1005691
1005766
1005876
1005729
1005618
1005728
1005987
1005710
1005784
