1025358
1036376
1045451
1031136
1021228
1009099
1005821
1004803
1004025
1004766
1009044
1006858
1004692
1004081
1005006
1010062
1006765
1004099
1004914
1003932
1003950
1003932
1004413
1004062
1004006
1003951
1006896
1005673
1005228
1005803
1006303
1005802
1005840
1005229
1005358
1005191
1005173
1005228
1005692
1005247
1005228
1005118
1005321
1005211
1005081
1005117
1005302
1005099
1005191
1005136
1005340
1005137
1005766
1006636
1011507
1009191
1007340
1005877
1007433
1005081
1007821
1007711
1010302
1005636
1005303
1005154
1009710
1007580
1008321
1005192
1006044
1005451
1005080
1005210
1005636
1005155
1005803
1005729
1006062
1005766
1005154
1005284
1005303
1005248
1005155
1005210
1005358
1005080
1005117
1005266
1005414
1005136
1005117
1005210
1005414
1005099
1005173
1005173
1005414
1005692
1005803
1005877
1006025
1008340
1005414
1005210
1005265
1005173
1005136
1005210
1005414
1009080
1005266
1005044
1005451
1005284
1005173
1005284
1005525
1005229
1005136
1005229
1005395
1005802
1005822
1005766
1005043
1005154
1005229
1005229
1005450
1005266
1005099
1005173
1007062
1005210
1005136
1005136
1008414
1005247
1005173
1005302
1013710
1005339
1005266
1005711
1005803
1005858
1005839
1005951
1005137
1009043
1005247
1005247
1005210
1005229
1005173
1005339
1005247
1005118
1005080
1005377
1005099
1005210
1005099
1005340
1005173
1005229
1005173
1005284
1005951
1005821
1005785
1006154
1005173
1005284
1005247
1005359
1005154
1005192
1005173
1005303
1005173
1005247
1005136
1005432
1005210
1005062
1005247
1005414
1005099
1005192
1005099
1005359
1005858
1005729
1005839
1005155
1005266
1005117
1005136
1005303
1005266
1005192
1005266
1005340
1005284
1005303
1005211
1005266
1005266
1005136
1005099
1005322
1005173
1005303
1005766
1006062
1005803
1005784
1005192
1005339
1005155
1005211
1005210
1005247
1005359
1005191
1005285
1005303
1005247
1005192
1005154
1005340
1005136
1005173
1005136
1005413
1005266
1009044
1005729
1006006
1005803
1005173
1005266
1005358
1005191
1005080
1005155
1005192
1005302
1005229
1005803
1005691
1005174
1008951
1005155
1005618
1005099
1005192
1005173
1005543
1005321
1006118
1005914
1006044
1005858
1005044
1005284
1005451
1005229
1005136
1005211
1005451
1005284
1005080
1005266
1005654
1005303
1005136
1005248
1005544
1005155
1005154
1005173
1005413
1005914
1005784
1005896
1006174
1005229
1005322
1005081
1005395
1005303
1005173
1005210
1005470
1005229
1005284
1005080
1005377
1005247
1005303
1005080
1005562
1005173
1005174
1005229
1006062
1005951
1005839
1005858
1008229
1005229
1005174
1005192
1005358
1005247
1005173
1009692
1005469
1005173
1005025
1005544
1005229
1005006
1005155
1005340
1005265
1005303
1005099
1005358
1005821
1005859
1008803
1005877
1005173
1016099
1014636
1008395
1005544
1005377
1005339
1005228
1005266
1005136
1005266
1005543
1005155
1005154
1005154
1005562
1005118
1005174
1005228
1005395
1005784
1005895
1005821
1005247
1005247
1005229
1005247
1005469
1005210
1005191
1005210
1005451
1005266
1005173
1005192
1005339
1005191
1005117
1005265
1005358
1005210
1005192
1005266
1005932
1005822
1005840
1005747
1005136
1005173
1005154
1005284
1005470
1005433
1005192
1005229
1005321
1005284
1005136
1005228
1005303
1005322
1005155
1009044
1005340
1005117
1005210
1005877
1006099
1005766
1005932
1008303
1005247
1005359
1005229
1005154
1005322
1005266
1005136
1005174
1005358
1005284
1005081
1005154
1005433
1005173
1005229
1005099
1005395
1005173
1005155
1005728
1005303
1005803
1005192
1005155
1005376
1005265
1005192
1005247
1005395
1005322
1005266
1005247
1005469
1005211
1005155
1005303
1005284
1005266
1005155
1005285
1005414
1005192
1005785
1006488
1006136
1005211
1005044
1005174
1005933
1005173
1005137
1005228
1005525
1005210
1005154
1005192
1006840
1005154
1005285
1005192
1005710
1005229
1005136
1005377
1005544
1005877
1005914
1005803
1006136
1005192
1005228
1005210
1005340
1005266
1005229
1005081
1004432
1005247
1005043
1005118
1008265
1005155
1005062
1005285
1009451
1005229
1005154
1013395
1005358
1005710
1005914
1006118
1005229
1005321
1005210
1005433
1005525
1005136
1005117
1005359
1005136
1008358
1006654
1005414
1005211
1005414
1005210
1005359
1005062
1005321
1005321
1006303
1005895
1005784
1005840
1006099
1005173
1005210
1005229
1005507
1005154
1005099
1005174
1005358
1005210
1005137
1005210
1005210
1005154
1005229
1005099
1005377
1005136
1005191
1005192
1006025
1005840
1005839
1005803
1005285
1005136
1005284
1005285
1005377
1005173
1005155
1005228
1005321
1005118
1005173
1005210
1005321
1005266
1005099
1005081
1005377
1005062
1005081
1005284
1005377
1005821
1005840
1005154
1005395
1005155
1005173
1005266
1005210
1005081
1005136
1005173
1005432
1005265
1005006
1005285
1005433
1005229
1005192
1005303
1005340
1005359
1005192
1005729
1006006
1005822
1005192
1005099
1005321
1005265
1005099
1005229
1005414
1005266
1005173
1005173
1005469
1005173
1005173
1005210
1005469
1005247
1005155
1005210
1005340
1005303
1005728
1005747
1006136
1005839
1005099
1005229
1005285
1005044
1005284
1005080
1013895
1005322
1005247
1005266
1005414
1005359
1005266
1005173
1005229
1005191
1005229
1005173
1005302
1005784
1005784
1005858
1005987
1005192
1005248
1005247
1005173
1005247
1005302
1005210
1005303
1005210
1005414
1005248
1005340
1005173
1005062
1005191
1014821
1005358
1005284
1005192
1006895
1005877
1005765
1005710
1007581
1005321
1005080
1005229
1009544
1005303
1005043
1005154
1005636
1005321
1005266
1005487
1005321
1005247
1005136
1005247
1005173
1005284
1005192
1005340
1005895
1005747
1005784
1005895
1008173
1005340
1005340
1005191
1005210
1005192
1005210
1005229
1005173
1005137
1005210
1005322
1005099
1005210
1005229
1005358
1005321
1005210
1005192
1005413
1005692
1005859
1005821
1006007
1005099
1005155
1005154
1005192
1005062
1005080
1005025
1005303
1008932
1005136
1005284
1005229
1005247
1005284
1005266
1005470
1005173
1005136
1005117
1005988
1005839
1005784
1005914
1005229
1005339
1005229
1005173
1005413
1005136
1005210
1005210
1005358
1005154
1005081
1005192
1005359
1005266
1005266
1005247
1005432
1005173
1005339
1005766
1007451
1005913
1005839
1005192
1005302
1005340
1005191
1005229
1005302
1005229
1005118
1005155
1005321
1005247
1005136
1005247
1005395
1005210
1005247
1005247
1005377
1005081
1005173
1005821
1005543
1005784
1005266
1005210
1005340
1005265
1005155
1005099
1005303
1005247
1005302
1005303
1005433
1005211
1005247
1005322
1005433
1005117
1005321
1005211
1005396
1005228
1005673
1005840
1006006
1005099
1005210
1005173
1005248
1005136
1005118
1005155
1005470
1005099
1005265
1005303
1005396
1005248
1005747
1005173
1005580
1005284
1005173
1005025
1005673
1005747
1005673
1005803
1006173
1005192
1005211
1005191
1005599
1005395
1005117
1005136
1005469
1005229
1005118
1005100
1005377
1005210
1005192
1005266
1005340
1005229
1005247
1005155
1006525
1005951
1005840
1006877
1011025
1005377
1005247
1005599
1005247
1005229
1005191
1005525
1005210
1005266
1005210
1005432
1005136
1005247
1005044
1005303
1005191
1005173
1005117
1005358
1005914
1008691
1005784
1005970
1005099
1005155
1005136
1005321
1005062
1008821
1005173
1005506
1005247
1005247
1005174
1005396
1005154
1005192
1005210
1005340
1005154
1005136
1005247
1005451
1005821
1005766
1005914
1005266
1004970
1005284
1005154
1005303
1005173
1005099
1005265
1005414
1005173
1005081
1005229
1005377
1005339
1008858
1005155
1005414
1005228
1005081
1005173
1014044
1005932
1005692
1005858
1005117
1005303
1005321
1005118
1005321
1005191
1005099
1005154
1005377
1005247
1005228
1005117
1005321
1005322
1005248
1005210
1005229
1005266
1005173
1005784
1005321
1005765
1005765
1005154
1005303
1005284
1005117
1005247
1005229
1005210
1005136
1005136
1005488
1023136
1029025
1024081
1026858
1028525
1018728
1010155
1006969
1005451
1005210
1005229
1013432
1006210
1005970
1005859
1024062
1032728
1032191
1034617
1023821
1015729
1021858
1031117
1010710
1007617
1007155
1006599
1006321
1006655
1007044
1008451
1005877
1005340
1005191
1006099
1005173
1005211
1005247
1005525
1010580
1008432
1007303
1010081
1016229
1005729
1005506
1009636
1010025
1005173
1005265
1011414
1015266
1040321
1022451
1015951
1023247
1018025
1020673
1011265
1019821
1017395
1012211
1007377
1005617
1005747
1012543
1015413
1014506
1006062
1005914
1011192
1012951
1014636
1006358
1007525
1005302
1005266
1005247
1018099
1013302
1012673
1005451
1006376
1005136
1005136
1005099
1016692
1013247
1012265
1006654
1007266
1005136
1005359
1005118
1020414
1014488
1005951
1005543
1007877
1005284
1005154
1005081
1005711
1005210
1005192
1005173
1005395
1005192
1005099
1005247
1005654
1005710
1007840
1010544
1006951
1008691
1009729
1008191
1011617
1011636
1009710
1007969
1017710
1010118
1010154
1017970
1005655
1005173
1005266
1005395
1005302
1005118
1005155
1005322
1005174
1005229
1005747
1006062
1007580
1005840
1005136
1005377
1005376
1005284
1005211
1005284
1005229
1005191
1005321
1005376
1005081
1005302
1005137
1006192
1005247
1005173
1005284
1005266
1005192
1005747
1005821
1006007
1005914
1005099
1005340
1005321
1005173
1005229
1005248
1005395
1005229
1005210
1005191
1005395
1005081
1005154
1005173
1005284
1005099
1005099
1005173
1005377
1005802
1005766
1005747
1006081
1005192
1005192
1005173
1005432
1005210
1005099
1005192
1005303
1005136
1005136
1005136
1005414
1005191
1005154
1005154
1005376
1005210
1005136
1005173
1005322
1005710
1005711
1005803
1005136
1005099
1005192
1005136
1005266
1005136
1005673
1008303
1005544
1005173
1005211
1005043
1005377
1005340
1005154
1005081
1005396
1005117
1005136
1005210
1006006
1005766
1005877
1005729
1005174
1005396
1005247
1005173
1005266
1005210
1005192
1005173
1005451
1005303
1005229
1005173
1005340
1005228
1005210
1005210
1005228
1005248
1005247
1005654
1005988
1005858
1005673
1005099
1008099
1006655
1005099
1005136
1005487
1005192
1005229
1005340
1005340
1005266
1005247
1005173
1005451
1005118
1005173
1005192
1005303
1005191
1005784
1005784
1014043
1005803
1005081
1005154
1005303
1005284
1005099
1005210
1005506
1005099
1005266
1005136
1005340
1005154
1005321
1006173
1008043
1005451
1005247
1005099
1009970
1005673
1005711
1005877
1015377
1006044
1005043
1005581
1005377
1005118
1005136
1005265
1005247
1005136
1005192
1005285
1005303
1005228
1005266
1005322
1005266
1005228
1005377
1007488
1005303
1005303
1005765
1005951
1005933
1006266
1005099
1005137
1005266
1005080
1005154
1005747
1005136
1005248
1005210
1005395
1005210
1005211
1005192
1005248
1005247
1005136
1005322
1005544
1005247
1005803
1005821
1005951
1005914
1005099
1005117
1005247
1005117
1005173
1005266
1005340
1005284
1005247
1005266
1005303
1005266
1005117
1005191
1005266
1005248
1005173
1005136
1005358
1005784
1005692
1005840
1005988
1005284
1005191
1005266
1005359
1005229
1005155
1005229
1005303
1005303
1005155
1005174
1005266
1005154
1005321
1005210
1005377
1005155
1005155
1005211
1005284
1005840
1005785
1005896
1005248
1005321
1005247
1005229
1005377
1005303
1005173
1005228
1005395
1008821
1005284
1005154
1005488
1005247
1005062
1005192
1005396
1005192
1005284
1005266
1005359
1005710
1005766
1005229
1005396
1005210
1005229
1005248
1005433
1005377
1005099
1005136
1005451
1005228
1005210
1005229
1005359
1005248
1005229
1005303
1005322
1008877
1005192
1005784
1005414
1005711
1005803
1005173
1005266
1005265
1005155
1005173
1005451
1005154
1005099
1005284
1005506
1005248
1005173
1005210
1005340
1005173
1005210
1005173
1005432
1005228
1005803
1005896
1005433
1005951
1005191
1005155
1007784
1008395
1005376
1005137
1005395
1005210
1005173
1005265
1005451
1005136
1005266
1009321
1005303
1005192
1005173
1005414
1005229
1008766
1005821
1006007
1005674
1005747
1005099
1005433
1005210
1008840
1005229
1005581
1005192
1005173
1005080
1005303
1005211
1008859
1005210
1005451
1005247
1005154
1005247
1006562
1013266
1008932
1008858
1009802
1008358
1010192
1007210
1008525
1007118
1006414
1008451
1012451
1009599
1005358
1005248
1006729
1005747
1005321
1005210
1006302
1005395
1005285
1005099
1006618
1005191
1005914
1005895
1006117
1005877
1005100
1005247
1005414
1005359
1008877
1005192
1005358
1005358
1005099
1005228
1005266
1005525
1009155
1005247
1005784
1005117
1005081
1005173
1005747
1005802
1005802
1005784
1006154
1005192
1005191
1005173
1005432
1005266
1008859
1005302
1005618
1005191
1005247
1005358
1005340
1005228
1005285
1005191
1005414
1005006
1005173
1005100
1005432
1005747
1005859
1005748
1005173
1005248
1005154
1005136
1005303
1005229
1005136
1005191
1005321
1005321
1005192
1005154
1006840
1005192
1008840
1005192
1005432
1005247
1005100
1005247
1005377
1005822
1005803
1005710
1005155
1005266
1005099
1005229
1005413
1005118
1005248
1005173
1005266
1005191
1005136
1005340
1005414
1005136
1005211
1005321
1005321
1005155
1005099
1005784
1005469
1005710
1005784
1005155
1005321
1005247
1005155
1005340
1005340
1005228
1005154
1005321
1005210
1005321
1005191
1005229
1009507
1005229
1008895
1006210
1005173
1005228
1005284
1005877
1005840
1005802
1005711
1005210
1005192
1005155
1005247
1005285
1005081
1005155
1005265
1005728
1007766
1005339
1005229
1005266
1005210
1005173
1008932
1005988
1005284
1005062
1005265
1006654
1005914
1005821
1005210
1006044
1005228
1005192
1005136
1005395
1005395
1005173
1005173
1005192
1005210
1005321
1005266
1005488
1006173
1005229
1005266
1005414
1005933
1005136
1005803
1006543
1005932
1005155
1005303
1005358
1005062
1005192
1005266
1005507
1005266
1005692
1005358
1005562
1005358
1005248
1005155
1005469
1005210
1005155
1008951
1005228
1005136
1006007
1005803
1006099
1005896
1005154
1005192
1007099
1007118
1005488
1005599
1006081
1005562
1005376
1005191
1005969
1005266
1005229
1005303
1005951
1005433
1005229
1005118
1005859
1005710
1006858
1006062
1006173
1005173
1005173
1005100
1005433
1005692
1005081
1005117
1005266
1005192
1005359
1005136
1005414
1005302
1005284
1005211
1005451
1005154
1005210
1005210
1005506
1005728
1005914
1005914
1005266
1005266
1005247
1005173
1005284
1005229
1005211
1005229
1005414
1005136
1005321
1005210
1005432
1005266
1005228
1005266
1005951
1005210
1005117
1008895
1005988
1005858
1005729
1005228
1005525
1005210
1005191
1005210
1005581
1005025
1005173
1005081
1005358
1005062
1005192
1005155
1005247
1005210
1005173
1005136
1006136
1005248
1005173
1005710
1007377
1005729
1005765
1005100
1008988
1005414
1005210
1009599
1005358
1005118
1005025
1005525
1005099
1005099
1005173
1005303
1005248
1005266
1005488
1005265
1005155
1005136
1005211
1005822
1005673
1005711
1005118
1005470
1005137
1005007
1005117
1005396
1005248
1005117
1005192
1005247
1005118
1005155
1005062
1005433
1005191
1005211
1005117
1005433
1005211
1005118
1005785
1014062
1005840
1005692
1005136
1005321
1005321
1005173
1005210
1005339
1005284
1005043
1005192
1005340
1005192
1005155
1005173
1005414
1005136
1005210
1005211
1005266
1005117
1005655
1005728
1006062
1005692
1005062
1005044
1005265
1006006
1005155
1005062
1005377
1005377
1005118
1005192
1005469
1005303
1005136
1005136
1005543
1005136
1005174
1005173
1005543
1005766
1006025
1005691
1006099
1004988
1005136
1005265
1005413
1005062
1005043
1005062
1005247
1005118
1005173
1005007
1005359
1005025
1005229
1005117
1005321
1005099
1005210
1005359
1005377
1005784
1005802
1005710
1005191
1005266
1005155
1005210
1005376
1005229
1005210
1005062
1005340
1005191
1005136
1005210
1005284
1005080
1005118
1005081
1005340
1005173
1005265
1005248
1005210
1005692
1005821
1005691
1013117
1005450
1005118
1005118
1005191
1005322
1005155
1005192
1005432
1005210
1005154
1005117
1005340
1005155
1005136
1005099
1005432
1005247
1005118
1005747
1005284
1005747
1005784
1005043
1014154
1005322
1005155
1005211
1005414
1005062
1005192
1005210
1005099
1005099
1005080
1005062
1005543
1005266
1005210
1005248
1005377
1005062
1005099
1009932
1005877
1005692
1005099
1005469
1005099
1005136
1005248
1005210
1005210
1005136
1005229
1005228
1008932
1005210
1005136
1005266
1005192
1005154
1005099
1005284
1005173
1005136
1005636
1006377
1005710
1005766
1005043
1005525
1005210
1005154
1005211
1005525
1005284
1005136
1005137
1005506
1005265
1005136
1005191
1005284
1005136
1005173
1004988
1007802
1006840
1005266
1005896
1006007
1005766
1005099
1005173
1005173
1005154
1005099
1005117
1005192
1005136
1005174
1005210
1005358
1005192
1005210
1005025
1005284
1005154
1005043
1005192
1005377
1005191
1005803
1005765
1006025
1005766
1005062
1005192
1005229
1005229
1005173
1005136
1005376
1005229
1005118
1005173
1005210
1005284
1005137
1005043
1005395
1005136
1007099
1005266
1005302
1006062
1005784
1005840
1016080
1018506
1015636
1011228
1010451
1019432
1015043
1006951
1006618
1005376
1005173
1005117
1011988
1008914
1005229
1005229
1015581
1015340
1013710
1005303
1014728
1008303
1005747
1005951
1023044
1027802
1012988
1006025
1006470
1009043
1005081
1005285
1015988
1008785
1005451
1005118
1016654
1017025
1009784
1005247
1016969
1005432
1005154
1007099
1013265
1006525
1005192
1006710
1015154
1017821
1015543
1006784
1005525
1008913
1005321
1005673
1005229
1005173
1005136
1005228
1005136
1005821
1005192
1005284
1005210
1005155
1005155
1006174
1005470
1005192
1005154
1006155
1005803
1005747
1005636
1005414
1005211
1005210
1005155
1005414
1005154
1005099
1005210
1005507
1005358
1008932
1005174
1005470
1005265
1005173
1005266
1005636
1005136
1005284
1005655
1006099
1005692
1005728
1005081
1005376
1005155
1005044
1005174
1005321
1005062
1005173
1005099
1005210
1005174
1005118
1005137
1005321
1005136
1005155
1005080
1005339
1005062
1005173
1005803
1006006
1005710
1005118
1005155
1005340
1005173
1005174
1005210
1005340
1005117
1005155
1005099
1005266
1005136
1005080
1005210
1005339
1005136
1005358
1005099
1005358
1005155
1005766
1005692
1006080
1005007
1005173
1005062
1005192
1005044
1005099
1005192
1005229
1005118
1005173
1005173
1005395
1005080
1005080
1005155
1005377
1005210
1005062
1005154
1005432
1005710
1005802
1005784
1005951
1005136
1005173
1005155
1005339
1005247
1005173
1005228
1005340
1005248
1005173
1005118
1005358
1005099
1005191
1005192
1005321
1005117
1005154
1005173
1005395
1005803
1005710
1005747
1005192
1005414
1005580
1005117
1005303
1005247
1005229
1005025
1005562
1005191
1005136
1005210
1005821
1005229
1005173
1005118
1007358
1005192
1005191
1005303
1008469
1006303
1008729
1005043
1014358
1005414
1005154
1005636
1005173
1005044
1005173
1005265
1005099
1005192
1004988
1005210
1005192
1005210
1005210
1005154
1005173
1005099
1005174
1005970
1005859
1005821
1005581
1005284
1005062
1005154
1005248
1005321
1005210
1005211
1005081
1005359
1005284
1005080
1005173
1005228
1005173
1005173
1005192
1005173
1005192
1005173
1005099
1006025
1005692
1005858
1005155
1005284
1005173
1005192
1005117
1005340
1005118
1005118
1005210
1005432
1005136
1005117
1005080
1005321
1005155
1005228
1005266
1005322
1005173
1005192
1005785
1006007
1005840
1005729
1005062
1005265
1005118
1005229
1005174
1005192
1005321
1005211
1005191
1005266
1005191
1005247
1005118
1005396
1005136
1005154
1005099
1005322
1005025
1005673
1005802
1006043
1005803
1005118
1008877
1005210
1005173
1005099
1005117
1005303
1005303
1005062
1005210
1005321
1005136
1005136
1005173
1005321
1005191
1005155
1005099
1005377
1005840
1005803
1005821
1006025
1005081
1005266
1005210
1005265
1005136
1005154
1005080
1005302
1005211
1005173
1005192
1005432
1005136
1005137
1005191
1005210
1005080
1005118
1008858
1005321
1005766
1005673
1005729
1005174
1005136
1005117
1005044
1005303
1005173
1005211
1005155
1005284
1005173
1005062
1005155
1005321
1005117
1005173
1005099
1005395
1005155
1005136
1008691
1005396
1005729
1005673
1005729
1005191
1005247
1005173
1005285
1005285
1005229
1005229
1005248
1006099
1005099
1005099
1005210
1006950
1005265
1005155
1005136
1013191
1005451
1005210
1005469
1005877
1005803
1005840
1005118
1005192
1005062
1005062
1005136
1005080
1005211
1005099
1005229
1005117
1005117
1005099
1005155
1005247
1005229
1005136
1005321
1005099
1005173
1005099
1005932
1005710
1005747
1005802
1005414
1005266
1005248
1005136
1005396
1005136
1005136
1005062
1005340
1005136
1005118
1005229
1005321
1005340
1005155
1005247
1005228
1005284
1005154
1005748
1005933
1005840
1006044
1008765
1005692
1005099
1005191
1005099
1005766
1005303
1005099
1005006
1005413
1005136
1005173
1005192
1015618
1005451
1005062
1005210
1005211
1005173
1005063
1005655
1006099
1005710
1005136
1005284
1005229
1005265
1005136
1005229
1005321
1005080
1005155
1005099
1005340
1005173
1005099
1005174
1005469
1005155
1005173
1005173
1005413
1005210
1005766
1005803
1006080
1005765
1005136
1005117
1005192
1005173
1005173
1005173
1005210
1005173
1005173
1005210
1005247
1005118
1005210
1005099
1005321
1005043
1005173
1005118
1005303
1005821
1005803
1005785
1005988
1005099
1005081
1005192
1005303
1005895
1011617
1009229
1008284
1008562
1006729
1007228
1008544
1008747
1006636
1008025
1006247
1005247
1005173
1005137
1008581
1013266
1006803
1005747
1006284
1005340
1005154
1005248
1008173
1005210
1005932
1009544
1005766
1005581
1005117
1005228
1005636
1005154
1005192
1005155
1004784
1005506
1005303
1005192
1009469
1005821
1005747
1005711
1013729
1005211
1005192
1005599
1005099
1005192
1005173
1005248
1005173
1005155
1005210
1005210
1005247
1005247
1005137
1005266
1005062
1005081
1005062
1005302
1005840
1005748
1005784
1005229
1009099
1005581
1005081
1005248
1005099
1005414
1005229
1005525
1005210
1005173
1005099
1005450
1005062
1005155
1005174
1005266
1008876
1005136
1005210
1005525
1005784
1005895
1005710
1005321
1005358
1005173
1005229
1005432
1005173
1005173
1005136
1005432
1008932
1005192
1005007
1005359
1005191
1005247
1005099
1005413
1005155
1005081
1005784
1006155
1005691
1005895
1005117
1005081
1005285
1005117
1005229
1005358
1005155
1005081
1005173
1005247
1005173
1005247
1005247
1005321
1005174
1005062
1005173
1005358
1008877
1005099
1005691
1005951
1005822
1005025
1005155
1005229
1005210
1005062
1005266
1005266
1005080
1005136
1005136
1005285
1005192
1005117
1005247
1005228
1005136
1005118
1005173
1005358
1005136
1005618
1005840
1005988
1005766
1005062
1005284
1005321
1008876
1005266
1005229
1005228
1005136
1005247
1005117
1005229
1005210
1005136
1005136
1005358
1005229
1005099
1005229
1005303
1005747
1005748
1005840
1005932
1005006
1005173
1005173
1005303
1005136
1005062
1005043
1005265
1005173
1005136
1005229
1005395
1008914
1005433
1005303
1005395
1005191
1005266
1005136
1005339
1005692
1005784
1005728
1005229
1005228
1005247
1005155
1004562
1005191
1005191
1005117
1005396
1005285
1005155
1005117
1009173
1005414
1005155
1009377
1005229
1005192
1005191
1005599
1005896
1008710
1005747
1006006
1005154
1005173
1005117
1005766
1005211
1008803
1005117
1005303
1005155
1005118
1005155
1005248
1005247
1005247
1005173
1005321
1005191
1005173
1005099
1005321
1005877
1005747
1005618
1006414
1005136
1005174
1005321
1005599
1005117
1005043
1005154
1005303
1005321
1005062
1005247
1005265
1005210
1005488
1005191
1005470
1005118
1005359
1005062
1005543
1005729
1005859
1005636
1005358
1005210
1005154
1005192
1005321
1005228
1005117
1005284
1005339
1005136
1005191
1005118
1005396
1005099
1005137
1005099
1005396
1005192
1005155
1005859
1006728
1005784
1005711
1005154
1005303
1005173
1005136
1005247
1005340
1005228
1005192
1005080
1005284
1005173
1005099
1005099
1005284
1005192
1005154
1005117
1005414
1005155
1005673
1005747
1005970
1005729
1004988
1005118
1005266
1005136
1005191
1005173
1005339
1005081
1005118
1005192
1014228
1005192
1005062
1005136
1005247
1005136
1005062
1005118
1005284
1005266
1005729
1005728
1006081
1005062
1005191
1005137
1005302
1005266
1005174
1005025
1005451
1005081
1005118
1005044
1005396
1005118
1005192
1005173
1005432
1005099
1005136
1005099
1005339
1005710
1005784
1005691
1006081
1005099
1005155
1005136
1005321
1005154
1005155
1005210
1005358
1005155
1005117
1005136
1005358
1005228
1005192
1005136
1005432
1005192
1005229
1005228
1006303
1005747
1006229
1007691
1007821
1006932
1005432
1005284
1005414
1005247
1005265
1013895
1008358
1007914
1007859
1007674
1007765
1006932
1007951
1007062
1007877
1006543
1009617
1008044
1005803
1005766
1005858
1005969
1005099
1005248
1005155
1005395
1005155
1005117
1005080
1006433
1005729
1005192
1005062
1005543
1005155
1005062
1005062
1005432
1005284
1005229
1005210
1005525
1005858
1005784
1005692
1005136
1005229
1005117
1005081
1005395
1005173
1005229
1005155
1005211
1005229
1005099
1005229
1005247
1005211
1005229
1005100
1005321
1005173
1005173
1005080
1005970
1005822
1005747
1005803
1005174
1005173
1006099
1005210
1005322
1005285
1005339
1005136
1005562
1005173
1005136
1005063
1005321
1005173
1005154
1005210
1005543
1005266
1005284
1008839
1005414
1005784
1005784
1005080
1005395
1005266
1005136
1005155
1005303
1005210
1005137
1005191
1005284
1005266
1005136
1005192
1005210
1005229
1005191
1005303
1005377
1005118
1005747
1005674
1005988
1005821
1005099
1005136
1005173
1005155
1005025
1005191
1005321
1005173
1005191
1005155
1005433
1005081
1005081
1005117
1005247
1005173
1005136
1005210
1005414
1005210
1005747
1005747
1006044
1004988
1005210
1005117
1005228
1005210
1005154
1005118
1005469
1005303
1005136
1005191
1005284
1005155
1005080
1005155
1005432
1005210
1005247
1005210
1005339
1005692
1005729
1005784
1005173
1005192
1005229
1005173
1005247
1005210
1005191
1005155
1005321
1005210
1005117
1005118
1005007
1005229
1005154
1005118
1009636
1005192
1005192
1009192
1005932
1005747
1005748
1006507
1005136
1005210
1005043
1005358
1005118
1005321
1005118
1005340
1005062
1005136
1005117
1005321
1005210
1005229
1005062
1005247
1005210
1005154
1005173
1005376
1005877
1005673
1005655
1005895
1005043
1005117
1005173
1005265
1005228
1005211
1005210
1014543
1005266
1005099
1005081
1005339
1005229
1005155
1005099
1005192
1005136
1005154
1005284
1005451
1005674
1005821
1005784
1005210
1005191
1005136
1005025
1005340
1005248
1005210
1005248
1005155
1005136
1005099
1005062
1005265
1005192
1005210
1005099
1005173
1005155
1005173
1005155
1006007
1005692
1005691
1005080
1005302
1005377
1005229
1005247
1005339
1005025
1005247
1005117
1005191
1005488
1005211
1005007
1005451
1005025
1005191
1005803
1005470
1005118
1005229
1005747
1006117
1005914
1005007
1005211
1015599
1005396
1005173
1005210
1005469
1005247
1005210
1005155
1005451
1005210
1005118
1005155
1005321
1005117
1005136
1005117
1005414
1005284
1005673
1005765
1005895
1005877
1005081
1005210
1005303
1005247
1005081
1005136
1005395
1005173
1005155
1005155
1005322
1005266
1005210
1005192
1005413
1005118
1005285
1005136
1005285
1005766
1005691
1005692
1006136
1005136
1005191
1005099
1005154
1005247
1005117
1005062
1005469
1005228
1005229
1005247
1005303
1005173
1005302
1005228
1005488
1005302
1005211
1005173
1005469
1005766
1005785
1005896
1004025
1005192
1005173
1005192
1005377
1005155
1005136
1005155
1009451
1005321
1005247
1009044
1009210
1005247
1005340
1005210
1005229
1005229
1005247
1005284
1009025
1005803
1005839
1005988
1005191
1005229
1005210
1005303
1008950
1005154
1005117
1005303
1005174
1005210
1005173
1005414
1005302
1005136
1005081
1005395
1005191
1005173
1005117
1005228
1005784
1005747
1005785
1006025
1005043
1005155
1005117
1005285
1005210
1005302
1005118
1005154
1005229
1005173
1005266
1005229
1009025
1005173
1004951
1005155
1005173
1005155
1005155
1005340
1005747
1005747
1005692
1005192
1005321
1005117
1005062
1005229
1005285
1005081
1005136
1005413
1005136
1005192
1005099
1005340
1005154
1005192
1005210
1005247
1005136
1005210
1005654
1006043
1005729
1005821
1005155
1005191
1005174
1005210
1005081
1005414
1005173
1005136
1005247
1005488
1005192
1005136
1005192
1005562
1005210
1005117
1005229
1005488
1005099
1005154
1005581
1006006
1005747
1005062
1005247
1005414
1005118
1005080
1005580
1005395
1005229
1005136
1005155
1005655
1005191
1005210
1005154
1005469
1005229
1005099
1005192
1005451
1005247
1005729
1005821
1006266
1005155
1005173
1005247
1005487
1005229
1005155
1005192
1005544
1005210
1005155
1005062
1005340
1005191
1005285
1004951
1005507
1008840
1005229
1005173
1005525
1005765
1005803
1005748
1006136
1008043
1005322
1005136
1005284
1005155
1005155
1005229
1005359
1008766
1005173
1005673
1005247
1005173
1005173
1007821
1007322
1005303
1005247
1005192
1005377
1005654
1005766
1005766
1012247
1005451
1005192
1005636
1005100
1005081
1005154
1005284
1005210
1008765
1005099
1005192
1005191
1005210
1005136
1005599
1005247
1005155
1005099
1005192
1005877
1005932
1005710
1006025
1005099
1005210
1005099
1005432
1005210
1005117
1005154
1005396
1005210
1005080
1005173
1005359
1005136
1005099
1005080
1005210
1005136
1005136
1005117
1005414
1005747
1005802
1005840
1005174
1005173
1005136
1005229
1005192
1005117
1005099
1005173
1005877
1005136
1005173
1005266
1005173
1005191
1005136
1005247
1005414
1005173
1008784
1005173
1005451
1005710
1005747
1005655
1005191
1005248
1005136
1005099
1005321
1005191
1005043
1005191
1005303
1005173
1005174
1005210
1005284
1005192
1005136
1005266
1005266
1005210
1005155
1005710
1005285
1005729
1005692
1005137
1005247
1005302
1008803
1005229
1005321
1005173
1005099
1005137
1005359
1005284
1005247
1005155
1005525
1005173
1005118
1004969
1005284
1005044
1005747
1005784
1006044
1005765
1005229
1005154
1005284
1005173
1005117
1005062
1005229
1005192
1005099
1005136
1005284
1005099
1005136
1005191
1005340
1005191
1005266
1005599
1005395
1005747
1006025
1005728
1006376
1005118
1005173
1005117
1005395
1005303
1005154
1005173
1005451
1005247
1005006
1005154
1005470
1005192
1005265
1005266
1005562
1005062
1005118
1005155
1005321
1005673
1005803
1005729
1005191
1005247
1005229
1005043
1005470
1005099
1005117
1005062
1005433
1005173
1005099
1005136
1005395
1005192
1005154
1005303
1009414
1005210
1004932
1006951
1006007
1005747
1008636
1006006
1005173
1005154
1005062
1005285
1005099
1005136
1008822
1005376
1005210
1005099
1005136
1005396
1005062
1005063
1005229
1005174
1005136
1005044
1005173
1005191
1005895
1005710
1005840
1005988
1005062
1005247
1005118
1005265
1005192
1005118
1008766
1005377
1005155
1005174
1005192
1005211
1005155
1005192
1008729
1005284
1005211
1005173
1005247
1005377
1005859
1005840
1005673
1005192
1005192
1005284
1005174
1005303
1005062
1005025
1005247
1005284
1005210
1005043
1005136
1005414
1005136
1005173
1005117
1005432
1005247
1005099
1005654
1005951
1005840
1005692
1005099
1005340
1005173
1005099
1005136
1005229
1005173
1005099
1005266
1005340
1005099
1005192
1005154
1005340
1005099
1005247
1005173
1005303
1005081
1005081
1005691
1006043
1005803
1005099
1005173
1005285
1005265
1005173
1005025
1005248
1005247
1005154
1005136
1005247
1005247
1005099
1005062
1005358
1005191
1004988
1005044
1005321
1005192
1005803
1005747
1006043
1005118
1005191
1005173
1005340
1005266
1005118
1005118
1005302
1005340
1005192
1005136
1005340
1005285
1005062
1005136
1005340
1005118
1005080
1008858
1006025
1005099
1005747
1005766
1005951
1005062
1005284
1005229
1005302
1005081
1005136
1005247
1005395
1005099
1005100
1005099
1005303
1005265
1005173
1005118
1005469
1005266
1005062
1005247
1005525
1005673
1005803
1005784
1005266
1005248
1005136
1008821
1005488
1005247
1005247
1005099
1008896
1005284
1005192
1005081
1005284
1005266
1005099
1005617
1005099
1005211
1005155
1005210
1005914
1005784
1005766
1006044
1005099
1005062
1005210
1005322
1005154
1005099
1005173
1005303
1005173
1005285
1005247
1014784
1005229
1005192
1005210
1005266
1005340
1005229
1005099
1005265
1005803
1005803
1005691
1012969
1005247
1005118
1005081
1005285
1005192
1005191
1005080
1005247
1005303
1005118
1005210
1005247
1005191
1005117
1005155
1005321
1005210
1005228
1005117
1013784
1005877
1005636
1005895
1005155
1005173
1005062
1005228
1005248
1005248
1005117
1005154
1005247
1005211
1005007
1005192
1005358
1005173
1005118
1005173
1005358
1005173
1005117
1005673
1005321
1073025
1084524
1030654
1028043
1012154
1005488
1005433
1008488
1005248
1005173
1005117
1005469
1005191
1005136
1005210
1005506
1005191
1005099
1005191
1005395
1005192
1005155
1005229
1005655
1005191
1005766
1005821
1005507
1005043
1005173
1005080
1005432
1005229
1005118
1005266
1005488
1005117
1005192
1005247
1005469
1005284
1005136
1005191
1005765
1005174
1005099
1005136
1005543
1005673
1005784
1005840
1005377
1005210
1005044
1005229
1006618
1005377
1005173
1005137
1011303
1005211
1005229
1005618
1005118
1005099
1005136
1005303
1005154
1005136
1005191
1005266
1005896
1005766
1005673
1005951
1005043
1005229
1005173
1005358
1005173
1005137
1005118
1005359
1005117
1005062
1005099
1005303
1005062
1005192
1005043
1005284
1006395
1005543
1005080
1005432
1005747
1005673
1005710
1006155
1005136
1005192
1005229
1005432
1005284
1005137
1005173
1005321
1005080
1005080
1005136
1005285
1005247
1005099
1005155
1005247
1005192
1005154
1010580
1016062
1015728
1023728
1021469
1019006
1022895
1023525
1023321
1011692
1017136
1010747
1005377
1005858
1005247
1005192
1005210
1029913
1016914
1020395
1021987
1019599
1048987
1021858
1020562
1029599
1024932
1025988
1025543
1025746
1020950
1020951
1025080
1069413
1034821
1020877
1012932
1015877
1020339
1016544
1007025
1010043
1005321
1012173
1008469
1016784
1016470
1010562
1007284
1005469
1005173
1005210
1005340
1005154
1006544
1012507
1006988
1005321
1005173
1005655
1006192
1005839
1008321
1021896
1013544
1017118
1018988
1020192
1009951
1009784
1005266
1008692
1005969
1005358
1005191
1005081
1005488
1005247
1005062
1005136
1005488
1005136
1005747
1005784
1006117
1005173
1005210
1005155
1005377
1005191
1008895
1005173
1005173
1005155
1005118
1005118
1005433
1005043
1005099
1005080
1005414
1005210
1005117
1005099
1005192
1005747
1005247
1005803
1005951
1005062
1005284
1005154
1005432
1005210
1008895
1005248
1005488
1005210
1005136
1005173
1005340
1005192
1005080
1005062
1005507
1005118
1005192
1005210
1005358
1005674
1005858
1005710
1005173
1005173
1005155
1005191
1005266
1005265
1005192
1005248
1005506
1005044
1005155
1005173
1005359
1005173
1005099
1005043
1005433
1005099
1005154
1005192
1005395
1005710
1005747
1005155
1006099
1005266
1005080
1005080
1007562
1005210
1005099
1005118
1008228
1005247
1005173
1005117
1005322
1005173
1005136
1008729
1012766
1017654
1015081
1007543
1006377
1005859
1008785
1006025
1005043
1005210
1005062
1005414
1005210
1005191
1005247
1005285
1005173
1005229
1005080
1005395
1005247
1005062
1005285
1005970
1005192
1005192
1005211
1005322
1005692
1005784
1005784
1005191
1005210
1005081
1005248
1005414
1005081
1005265
1005136
1005228
1005155
1005154
1005155
1005617
1005506
1005118
1005247
1005506
1005191
1005192
1005765
1006155
1014877
1024303
1054488
1028728
1030303
1031099
1011414
1029488
1053080
1029839
1039432
1031839
1021025
1021210
1013098
1019358
1013006
1014802
1005303
1006747
1005191
1005136
1016710
1022080
1014914
1019099
1020024
1018858
1021247
1021044
1010432
1016747
1006025
1005784
1005710
1005469
1006155
1022580
1013062
1077506
1027284
1040395
1016747
1017118
1028933
1029802
1014062
1026840
1046136
1038191
1016377
1026877
1075043
1021654
1024043
1034339
1017913
1013155
1007711
1005340
1005210
1005173
1022117
1056080
1038062
1047784
1035728
1033729
1015507
1015766
1020858
1018395
1018710
1011451
1014488
1022395
1018192
1008154
1005432
1005136
1005191
1005655
1014303
1026432
1031654
1013136
1025618
1053061
1042321
1034524
1066395
1041339
1036210
1040283
1057265
1038561
1030802
1017303
1015692
1019506
1014488
1010247
1017618
1016933
1012525
1006765
1005118
1005192
1005100
1026784
1017840
1024858
1008581
1013043
1005803
1005025
1005247
1012450
1011618
1006691
1018728
1013339
1007488
1015376
1012525
1006062
1005969
1005117
1005377
1005229
1005118
1005099
1005581
1011006
1016322
1019451
1015988
1012543
1006617
1014154
1009099
1005247
1005025
1005043
1006340
1005803
1006173
1005747
1006932
1008728
1006025
1004988
1005859
1005211
1012006
1022506
1010191
1005562
1005099
1012803
1018525
1008822
1006747
1008710
1005691
1005080
1005099
1005210
1005322
1005136
1005155
1005673
1005933
1005951
1005747
1005099
1005710
1004988
1008692
1005229
1005933
1005174
1005210
1005191
1005414
1004988
1005080
1005191
1012506
1007933
1008803
1007266
1008599
1007322
1011173
1013470
1012876
1009450
1006988
1013562
1011747
1005599
1008803
1005191
1008617
1005395
1005136
1005377
1005414
1005247
1005173
1005044
1005821
1005136
1005099
1005248
1005692
1005284
1012117
1011191
1008210
1005025
1005247
1005080
1005340
1005285
1005099
1005118
1005395
1005228
1005080
1005229
1005303
1005210
1005136
1005266
1005377
1005136
1005136
1005043
1005377
1005729
1005969
1005673
1004655
1005099
1005284
1005173
1005321
1005137
1005191
1005229
1009747
1005210
1005136
1006895
1005580
1005210
1005155
1005321
1012562
1006044
1008876
1005895
1005062
1005747
1005748
1005970
1005840
1005043
1005155
1005377
1005247
1005173
1005154
1005210
1005210
1005173
1005155
1005265
1005080
1005247
1008747
1005766
1005192
1005136
1005173
1005303
1005803
1005858
1005673
1006044
1005118
1005174
1005229
1005211
1005229
1005173
1005174
1005358
1005284
1005174
1005136
1005340
1005174
1005154
1008969
1005248
1005303
1005062
1005266
1005396
1005765
1005858
1005674
1005192
1005155
1005099
1005137
1005173
1005155
1005136
1005174
1005322
1005062
1006192
1013506
1012766
1011636
1016192
1011210
1009618
1015766
1020766
1012155
1015321
1020765
1013432
1018821
1015339
1018858
1020061
1012173
1008543
1005395
1006266
1004987
1005784
1005155
1005210
1005210
1005581
1005191
1005136
1011581
1012951
1007692
1005506
1005136
1005988
1005821
1010710
1022321
1013784
1007877
1005877
1005136
1005432
1005192
1005211
1008747
1005691
1005266
1005321
1005228
1005285
1005154
1010710
1012858
1009321
1008025
1005377
1005210
1010025
1005766
1005766
1005784
1012747
1005155
1005118
1005599
1020691
1005599
1005266
1005340
1005191
1005118
1005173
1005358
1005155
1005155
1005081
1005265
1005136
1005062
1005136
1005265
1005099
1005580
1006173
1006006
1005784
1005081
1005173
1005766
1005155
1005136
1005192
1005173
1005117
1005025
1005192
1005358
1005174
1005099
1005210
1005266
1005192
1005099
1005118
1005358
1005191
1005803
1005766
1005933
1005118
1005248
1005099
1005266
1005080
1005099
1005155
1005284
1005043
1005062
1005118
1005284
1005265
1005210
1005285
1005359
1005136
1005118
1005173
1005395
1005784
1005747
1005710
1006025
1005062
1005136
1005118
1005192
1005174
1005099
1005229
1005285
1005303
1005062
1005136
1005229
1005192
1005043
1005118
1005377
1005080
1005081
1005099
1005285
1005784
1005710
1005766
1005210
1005191
1005285
1005099
1005210
1005173
1005136
1005247
1005228
1005136
1005062
1005229
1007970
1005488
1005303
1005155
1005377
1005192
1005210
1005785
1005803
1005877
1005803
1005247
1005359
1006062
1005303
1005192
1005728
1005192
1005081
1005099
1015451
1005692
1005192
1005080
1005525
1005155
1005173
1005247
1005543
1005247
1005192
1005692
1005655
1005802
1005192
1005081
1005155
1005173
1005155
1005118
1005265
1005192
1005099
1005211
1005340
1005247
1005247
1005173
1005395
1005228
1006581
1005117
1005488
1005192
1005821
1005858
1005655
1005803
1005173
1012007
1024506
1017266
1012062
1017710
1012432
1005618
1005396
1005451
1005229
1005210
1005099
1005766
1010821
1023969
1012803
1006155
1006284
1005192
1005136
1006062
1006803
1005802
1005858
1006229
1005155
1005248
1005062
1005729
1005247
1005191
1005081
1005136
1008785
1005099
1005303
1005081
1007951
1005174
1005155
1005155
1008821
1005302
1005118
1005988
1005765
1005655
1005117
1005321
1005100
1005136
1014043
1015877
1013691
1017229
1017192
1008802
1005599
1005247
1005229
1005229
1005451
1006099
1005191
1005395
1005210
1005155
1005432
1005432
1005710
1005673
1005062
1005266
1008840
1005155
1005173
1005247
1005173
1005136
1005247
1005248
1005284
1005099
1005025
1005377
1005081
1005136
1005229
1006080
1005136
1005173
1005673
1005432
1005784
1005822
1005081
1005377
1005192
1005155
1005154
1006728
1005006
1005247
1005117
1005451
1008766
1005099
1005173
1005414
1005192
1005210
1005080
1005433
1005154
1005784
1005692
1005544
1005729
1005173
1005155
1005359
1008858
1005247
1004988
1005544
1005136
1005062
1005080
1005321
1005136
1005154
1005081
1005358
1005192
1005062
1005173
1005303
1008822
1005765
1005636
1005395
1005080
1005247
1005117
1005284
1005192
1005173
1005210
1005359
1013821
1016302
1009840
1029358
1012469
1008396
1006470
1005506
1005080
1005025
1005210
1005211
1005248
1005636
1005470
1005692
1005933
1004988
1005506
1005247
1004988
1005062
1005173
1005136
1005192
1005099
1005340
1005192
1005266
1005117
1005284
1005062
1005080
1005192
1006007
1005211
1005210
1005692
1006080
1005747
1005025
1006321
1005636
1005062
1005118
1005155
1005932
1005358
1005099
1005118
1005413
1005228
1005192
1005599
1005414
1005247
1005173
1005062
1005599
1005285
1005636
1005766
1006155
1005655
1005007
1005137
1005488
1005228
1005284
1005099
1005340
1005117
1005247
1005117
1005321
1005155
1005099
1005099
1005377
1005192
1005062
1005191
1005266
1005711
1008710
1005766
1005988
1005044
1005173
1005285
1005377
1005173
1005100
1005118
1010025
1005137
1005266
1005247
1005266
1005228
1005247
1005099
1005802
1005173
1005988
1005432
1005414
1005877
1005821
1005747
1005191
1005174
1005118
1005080
1005377
1005266
1008840
1005210
1005413
1005136
1005099
1005136
1005432
1005117
1005099
1005136
1005340
1005247
1005080
1005062
1005821
1005859
1008673
1005117
1005228
1005173
1005192
1005080
1006025
1006210
1005303
1007951
1005710
1005136
1004988
1005081
1005303
1005210
1005136
1005099
1005266
1005248
1008136
1005877
1005802
1005858
1005766
1005117
1005395
1005191
1005117
1005173
1005395
1005118
1005191
1005080
1005321
1005192
1005062
1005136
1005340
1005099
1005136
1005137
1007970
1005062
1005822
1005673
1005969
1005765
1005173
1009562
1005340
1005136
1005210
1005507
1005192
1005155
1005063
1005228
1005137
1005099
1005025
1005284
1005174
1005173
1005025
1005599
1005062
1005173
1005747
1005914
1005765
1005711
1004970
1005266
1005154
1005173
1005228
1005248
1005192
1005173
1008710
1005488
1005229
1005284
1005192
1005265
1005155
1005173
1005081
1005302
1005136
1005711
1005710
1006080
1005747
1005081
1005173
1005396
1005154
1005173
1005173
1005284
1005062
1005118
1005044
1005302
1005266
1005285
1005840
1005228
1005192
1005080
1005117
1005839
1005784
1005803
1005784
1006173
1005081
1005266
1005211
1005543
1005211
1005155
1005155
1005340
1005191
1005043
1005081
1005247
1005099
1005210
1005173
1005396
1005099
1005062
1005247
1005339
1005729
1005803
1005618
1005247
1005117
1005081
1005062
1005377
1005191
1005136
1005136
1005285
1005173
1005136
1005062
1005395
1005173
1005191
1005229
1005377
1005174
1005173
1005081
1005228
1005692
1005803
1005839
1005191
1005173
1005191
1005191
1005284
1005118
1004988
1005229
1005358
1005247
1005155
1005247
1005247
1005136
1005302
1005118
1005322
1005117
1005210
1008839
1005432
1005765
1005766
1005099
1005303
1005192
1005173
1005192
1005155
1005136
1005080
1005210
1005414
1005081
1005118
1005117
1005358
1005099
1005136
1005099
1005377
1005099
1005765
1008600
1005432
1005840
1005099
1005210
1005284
1005174
1005044
1005155
1005414
1005136
1005099
1005117
1005543
1005247
1005192
1005099
1006284
1005321
1005099
1005173
1010729
1005303
1005784
1006432
1005914
1005729
1005155
1005414
1005155
1005247
1005229
1005192
1005174
1005099
1005044
1005284
1005136
1005043
1005099
1005265
1005266
1005228
1005173
1005266
1005210
1005747
1005747
1006099
1005877
1005044
1005136
1005303
1005191
1005210
1005229
1005210
1005210
1005136
1005229
1005265
1005136
1005062
1005136
1005210
1005228
1005192
1005173
1005322
1005118
1005765
1005729
1005988
1005062
1005025
1005062
1005359
1005191
1005155
1005210
1005395
1005062
1005117
1005044
1005192
1005155
1005043
1005173
1005210
1005229
1005118
1005173
1005247
1005766
1005674
1005821
1005840
1005117
1005154
1005802
1005284
1005210
1005080
1005248
1005470
1005321
1005229
1005155
1005395
1005265
1005210
1005192
1005395
1005118
1005192
1005043
1005396
1005692
1005784
1005803
1005136
1005117
1005136
1005210
1005358
1005266
1005191
1005154
1005155
1005265
1005043
1005118
1005340
1005099
1005173
1005136
1005303
1005155
1005228
1005674
1005396
1005784
1005673
1005173
1005266
1005174
1005117
1005303
1005433
1005080
1005118
1005154
1011192
1005617
1005395
1005229
1005377
1005062
1005192
1005044
1005840
1005173
1005154
1005840
1005488
1005840
1005117
1005081
1005229
1005099
1005099
1005081
1005488
1005173
1005044
1005210
1005377
1005173
1005006
1005192
1005432
1005210
1005191
1005136
1006544
1005266
1005636
1005896
1006007
1005099
1005099
1005211
1005395
1005229
1005080
1004969
1006932
1005229
1005025
1005211
1005321
1005192
1005118
1005210
1011711
1005432
1005155
1005507
1005062
1005766
1005858
1005951
1005802
1005081
1005191
1005247
1005154
1005062
1005154
1005303
1005192
1005117
1005099
1005192
1005247
1005099
1005192
1005599
1005248
1005173
1005099
1005340
1008951
1005728
1005729
1005914
1005692
1005081
1005025
1005136
1005210
1005247
1005118
1005395
1005192
1005192
1005117
1005229
1008933
1005154
1005081
1005321
1005099
1005173
1005210
1005395
1005766
1005673
1005821
1005914
1005155
1005136
1005155
1006691
1009433
1007896
1007933
1007285
1006470
1007099
1007229
1008914
1006766
1006210
1008136
1010432
1005136
1005192
1005284
1007544
1007358
1006136
1005951
1005229
1005284
1005043
1005210
1005321
1005155
1004988
1005099
1006636
1005117
1005062
1005118
1005229
1005099
1005266
1005228
1005821
1005247
1005136
1005192
1005618
1005802
1005784
1005229
1005599
1005192
1005117
1005062
1005395
1008877
1005210
1005062
1005321
1005137
1005192
1005118
1005469
1008877
1005229
1005136
1005303
1005284
1005136
1005766
1005414
1005784
1005692
1005155
1005339
1005192
1005081
1005285
1005303
1008839
1005265
1005174
1005395
1005099
1005137
1005173
1005303
1005154
1005117
1005062
1005414
1005247
1005729
1005747
1005470
1005710
1005099
1005155
1005322
1005155
1005117
1005210
1005303
1008859
1004969
1005136
1005358
1005210
1005044
1005265
1005377
1005303
1005099
1005117
1006247
1005192
1005025
1005729
1010747
1005007
1005266
1006025
1005080
1005173
1005173
1005322
1005192
1008821
1005210
1005395
1005192
1005228
1005136
1005358
1005099
1005118
1005137
1005340
1005062
1005766
1005765
1006062
1005747
1005192
1005099
1005228
1004933
1005247
1005173
1005080
1005173
1005155
1005099
1005266
1005247
1005025
1005099
1005247
1005173
1005136
1005192
1005321
1005192
1005711
1005710
1006025
1005136
1005210
1005099
1005173
1005247
1005099
1005099
1005432
1005062
1005247
1005229
1005377
1005229
1005136
1005192
1005414
1005136
1005043
1005062
1005376
1005599
1005803
1005710
1006043
1005099
1005192
1005154
1005285
1005210
1005062
1005043
1005322
1005062
1005118
1005099
1005303
1005192
1005265
1005118
1005451
1005099
1005062
1005321
1005396
1005674
1005747
1005766
1005247
1005228
1005099
1005062
1005285
1005118
1005080
1005099
1005303
1005117
1005136
1005229
1005284
1005081
1005099
1005155
1005451
1005099
1005136
1005673
1005359
1005803
1005803
1005006
1005321
1005321
1005043
1005062
1005433
1005192
1005081
1005118
1005191
1005192
1005191
1005155
1005618
1005154
1005154
1005099
1005673
1005081
1008858
1005655
1005821
1005673
1005210
1005303
1005266
1005173
1005155
1005228
1005377
1005173
1005191
1005080
1005358
1005173
1005192
1005154
1005340
1005100
1005155
1005173
1005414
1005155
1005785
1005729
1005321
1005043
1005154
1005136
1005191
1005155
1005081
1005136
1005359
1005044
1005155
1005136
1005396
1005155
1005006
1005062
1006340
1005340
1005154
1005173
1013896
1005265
1005654
1006247
1005821
1005192
1005081
1005321
1005247
1005025
1005137
1005359
1005080
1005191
1005062
1005507
1005155
1005080
1005192
1005192
1005174
1005099
1005137
1005192
1005192
1005914
1005728
1006006
1005784
1005062
1005080
1005284
1005155
1005099
1005136
1005303
1026710
1028692
1019747
1021692
1018840
1016396
1017062
1009340
1005228
1004988
1005136
1010081
1007118
1005247
1008932
1011191
1046414
1023432
1029450
1017840
1015729
1028432
1018192
1012099
1007784
1007432
1006729
1009191
1006673
1007228
1007321
1009136
1005507
1005007
1005100
1005636
1005229
1005025
1008747
1008673
1012692
1010951
1008728
1005617
1005358
1005154
1005155
1009729
1010192
1005506
1005118
1012025
1005618
1005247
1005099
1018080
1025229
1021618
1023895
1021858
1023339
1020507
1012118
1010192
1008321
1008044
1008247
1022561
1024895
1017784
1013747
1020432
1018080
1014043
1007025
1005136
1005155
1005081
1007470
1013377
1017044
1008951
1007210
1016228
1019858
1008507
1007710
1018840
1013043
1007154
1006432
1005840
1005840
1005710
1008006
1012155
1018080
1008822
1006525
1005321
1005154
1005174
1012728
1021988
1009506
1005154
1006895
1005154
1005229
1005173
1005488
1005265
1004988
1005247
1005469
1005729
1005618
1005766
1005321
1005099
1005174
1005043
1005470
1005247
1005173
1005173
1005377
1005173
1005210
1005043
1005636
1005321
1005451
1005118
1005488
1005192
1005748
1005155
1005470
1005654
1005673
1005710
1014358
1005247
1005117
1005099
1005470
1005173
1005154
1005155
1005488
1005229
1005210
1005099
1005395
1005080
1005155
1005210
1005247
1005080
1005099
1014210
1009987
1009654
1009358
1024228
1024784
1018210
1015339
1011618
1020395
1022377
1015507
1020840
1005580
1005006
1005062
1005229
1013802
1015580
1032969
1023006
1024228
1021710
1023154
1015728
1026432
1023895
1027469
1022599
1031691
1027839
1030617
1013840
1007617
1007173
1006395
1006765
1005247
1005136
1005062
1015377
1047395
1041154
1033969
1022025
1011025
1006692
1006302
1023155
1026358
1020432
1017673
1019265
1022507
1029247
1029580
1015728
1005562
1005210
1005766
1014951
1009266
1006340
1007655
1006747
1006451
1005932
1005636
1005099
1008322
1006229
1005507
1005506
1005043
1005247
1005174
1006192
1006229
1005896
1006118
1006636
1007266
1006303
1006988
1005896
1005840
1004969
1005432
1006840
1006395
1006395
1006154
1006543
1005321
1005525
1005988
1005581
1006006
1007192
1006229
1006191
1005581
1005247
1005395
1005229
1005099
1005618
1007025
1008821
1007858
1006932
1006581
1006247
1006173
1005914
1006451
1006359
1006340
1006080
1005543
1007377
1006432
1006488
1006266
1005137
1005081
1005081
1006080
1007210
1005413
1007210
1007822
1006655
1006524
1006488
1006766
1006655
1006155
1005839
1007840
1011636
1014025
1018321
1011192
1005710
1005173
1006025
1008674
1010358
1005302
1005210
1006154
1005155
1005747
1005821
1006117
1005803
1005377
1006765
1007192
1005173
1005173
1005284
1005395
1005136
1008784
1005155
1005414
1005192
1005062
1005043
1005210
1005211
1008840
1005192
1005321
1005210
1005710
1005803
1005932
1005117
1005081
1005118
1005229
1005155
1005099
1005099
1005284
1005192
1005155
1005006
1005321
1005155
1005173
1005118
1005302
1005192
1005007
1005080
1005432
1005654
1005710
1005710
1005099
1005136
1005117
1005228
1005229
1005248
1005192
1005191
1005377
1005155
1005229
1005211
1005247
1005136
1005062
1005174
1005322
1005062
1005154
1005080
1005932
1005729
1005710
1005655
1005210
1005173
1005155
1005154
1005377
1005154
1005118
1005081
1008229
1005395
1005118
1005044
1012599
1005284
1005062
1005673
1005303
1005100
1005191
1005174
1005914
1005728
1005599
1005303
1005081
1005062
1005081
1005154
1005155
1005192
1005191
1005303
1005173
1005136
1005044
1005321
1005118
1005099
1005210
1005284
1005174
1005007
1005154
1005988
1005802
1005784
1005673
1005229
1005117
1005136
1005118
1005229
1005099
1005118
1005099
1005396
1005136
1005155
1005136
1005377
1005174
1005155
1005117
1005433
1005155
1005154
1008803
1005988
1005617
1005692
1005044
1005285
1005266
1005062
1008914
1005395
1005062
1005136
1015339
1008173
1005043
1005229
1005174
1005284
1005210
1005062
1005025
1005173
1005025
1005154
1005636
1005988
1005747
1005025
1005228
1005322
1005248
1005099
1005137
1005470
1005248
1005173
1005062
1005210
1005229
1005043
1005080
1005303
1005118
1005154
1005081
1006580
1005154
1005599
1005673
1005951
1005896
1005062
1005136
1005673
1005247
1005247
1005044
1005396
1005266
1005210
1005025
1005451
1005006
1005210
1005099
1005395
1005117
1005062
1005025
1005470
1005711
1005747
1005729
1005877
1005099
1005136
1005210
1005359
1005285
1005229
1008858
1005266
1005210
1005117
1005081
1005414
1005136
1005099
1005192
1005211
1005007
1005081
1005099
1005784
1005710
1005710
1005636
1010100
1005895
1005340
1005321
1005229
1005248
1005007
1005007
1005581
1005099
1005044
1005155
1005303
1005247
1005044
1005173
1004803
1005136
1005062
1005154
1005859
1005895
1005747
1005117
1010043
1005228
1005136
1006803
1005321
1005155
1005155
1005266
1005155
1005173
1005155
1005284
1005173
1005099
1005062
1014025
1005284
1005006
1005025
1006044
1005839
1005692
1005803
1005247
1005247
1005099
1005154
1005303
1005173
1005136
1005043
1005248
1005118
1005063
1005136
1005192
1005173
1005118
1005229
1005136
1005118
1005099
1005062
1005359
1005155
1005747
1005710
1013228
1005247
1005173
1005044
1005173
1005081
1005081
1005174
1005173
1005080
1005099
1004988
1005229
1005211
1005118
1005136
1005247
1005211
1007914
1005654
1006025
1005802
1006581
1005173
1005339
1005247
1005025
1005192
1005673
1005247
1005210
1005136
1005414
1005155
1005118
1005247
1005414
1005080
1005173
1005136
1005303
1005155
1005765
1005784
1005840
1005747
1005136
1005062
1005247
1004970
1005173
1005118
1005321
1005211
1004970
1005136
1005358
1005136
1005117
1005062
1005340
1005118
1005137
1004988
1005247
1005155
1005766
1005654
1005821
1005006
1005191
1005062
1005174
1005117
1005155
1005025
1005211
1005747
1005155
1005266
1005247
1005173
1005062
1005155
1005654
1005099
1005154
1005081
1005562
1005692
1005691
1005784
1005284
1005117
1005025
1005210
1014377
1005247
1005210
1005062
1005376
1005099
1005025
1005137
1005154
1005173
1005044
1005099
1005265
1005062
1004988
1005191
1006043
1005802
1005766
1005710
1005210
1005192
1004988
1004951
1005303
1005099
1005136
1005191
1005451
1005173
1005192
1005080
1005359
1005118
1005191
1005117
1009025
1005321
1005173
1009858
1005877
1005784
1005691
1005432
1005210
1004988
1005081
1005136
1009044
1005211
1005081
1005303
1005099
1005081
1005155
1005155
1005229
1005136
1005192
1005414
1005247
1005099
1005081
1005821
1005785
1005691
1005747
1005099
1005136
1005192
1005081
1005228
1008840
1005321
1005080
1005302
1005303
1005080
1005173
1005247
1005266
1005062
1005117
1005229
1005080
1005137
1005265
1005895
1005710
1005766
1004896
1006229
1005321
1005229
1005192
1007673
1008692
1012654
1010432
1007895
1005266
1005284
1005228
1005210
1005192
1005192
1005136
1005377
1005210
1005043
1005654
1006006
1005637
1005655
1004970
1005210
1005174
1005173
1005044
1005321
1005210
1005099
1005099
1005265
1005192
1005192
1005062
1005340
1005173
1005117
1005154
1005339
1005155
1005803
1005673
1005970
1005765
1005081
1005210
1005303
1005229
1006339
1005136
1005340
1005099
1005173
1005080
1005914
1005155
1005191
1005192
1005451
1005210
1004951
1005062
1005432
1005618
1005728
1005562
1005913
1008118
1005284
1005117
1005229
1005118
1005062
1005191
1005322
1005192
1005043
1005044
1005433
1004987
1005025
1005099
1005377
1005099
1005099
1005062
1005339
1006081
1005710
1005821
1005117
1008932
1005210
1005192
1005414
1005136
1005211
1005099
1005432
1005118
1005081
1005080
1005451
1005081
1005044
1005081
1005451
1005062
1005099
1005080
1005451
1005729
1005728
1005118
1007895
1005192
1005081
1005117
1008062
1005229
1005191
1005247
1005414
1005229
1005081
1005599
1005155
1005063
1005136
1005340
1004988
1005192
1005025
1005951
1005803
1005766
1005691
1005136
1005173
1005191
1005044
1005414
1005155
1005006
1005154
1014228
1005285
1005191
1005173
1005285
1005062
1005062
1005099
1005359
1005173
1005007
1005192
1005951
1005822
1005711
1005784
1005136
1005210
1005081
1005210
1005173
1006359
1005858
1005229
1005266
1005154
1005191
1005099
1005414
1005173
1005229
1005192
1005265
1005173
1005062
1005747
1006025
1005766
1005562
1005062
1005396
1005099
1005136
1005118
1005285
1005154
1005155
1005118
1005248
1005173
1005006
1005192
1005192
1005025
1005192
1005154
1005322
1005099
1005544
1005784
1006062
1005859
1005081
1005155
1005284
1005173
1004970
1005062
1005710
1005507
1005062
1005044
1005211
1005118
1008840
1005118
1005654
1005136
1005154
1005025
1005748
1005525
1005747
1005636
1006099
1005044
1005173
1005414
1008210
1005581
1005154
1005081
1005284
1005062
1005265
1005043
1005284
1005117
1005136
1005247
1005340
1005174
1005099
1005080
1005377
1005562
1005673
1005692
1005191
1005321
1005155
1015155
1009433
1005470
1008784
1005136
1005876
1005136
1005136
1005062
1005451
1005192
1005210
1005080
1005544
1005266
1005118
1005507
1005211
1005840
1005710
1005636
1005247
1005081
1005080
1005081
1005432
1005044
1008969
1005192
1005247
1006211
1013802
1017877
1018413
1012450
1011562
1016488
1009969
1005432
1005192
1005766
1013543
1007914
1005562
1006451
1019007
1016710
1009988
1006210
1013211
1005914
1005210
1006025
1016359
1016395
1008451
1006970
1005099
1005266
1005062
1005914
1014025
1005136
1005173
1006673
1019154
1013377
1008192
1007544
1005914
1004988
1005136
1006432
1014173
1005636
1005302
1010524
1013395
1007359
1005303
1006099
1005118
1004988
1005136
1005396
1005099
1005136
1005136
1005692
1005488
1006006
1005988
1006025
1005821
1005099
1005062
1005563
1005191
1005284
1008821
1005303
1005210
1005137
1005099
1005377
1005211
1005044
1005099
1005413
1005099
1005025
1012006
1009377
1008691
1009451
1008136
1008525
1007247
1008970
1007507
1009044
1007525
1010580
1006932
1006877
1005118
1005118
1005191
1007803
1005488
1005414
1005247
1005895
1005062
1005062
1005043
1006266
1005877
1005840
1005747
1005358
1005192
1005155
1005099
1005377
1005210
1004988
1005099
1005451
1005025
1005173
1005099
1005303
1005192
1005210
1005229
1005340
1005192
1005136
1005118
1006044
1005802
1005729
1005692
1005192
1005137
1005155
1005043
1005247
1005081
1005006
1005191
1005803
1005192
1005229
1005043
1009969
1005377
1005081
1007044
1005265
1005174
1005025
1005895
1005729
1005821
1005618
1005173
1005321
1005192
1005173
1005302
1005173
1005266
1005025
1005969
1005284
1005154
1005229
1005359
1005136
1005136
1005062
1005303
1005174
1005210
1005118
1005970
1005729
1005803
1005747
1005192
1005155
1005099
1005136
1005266
1005229
1005099
1005210
1005284
1005229
1005117
1005192
1005285
1005117
1005210
1005228
1005136
1005062
1005729
1005728
1005988
1005765
1005636
1005043
1005618
1005229
1004969
1005117
1005414
1005173
1005044
1005136
1005358
1005155
1005080
1005043
1005155
1005154
1005099
1005173
1005265
1005211
1005636
1005711
1005988
1005766
1005136
1005044
1005191
1005117
1005062
1005192
1005302
1005099
1005062
1005117
1005266
1005044
1005118
1005173
1005543
1005043
1005080
1005173
1005359
1005711
1005618
1005674
1005933
1005099
1005229
1005025
1005266
1005210
1005173
1005044
1005192
1005210
1005136
1005155
1013950
1005284
1005025
1005080
1005432
1005118
1005211
1005155
1005469
1005673
1005637
1005729
1005099
1005173
1005025
1005117
1005229
1005154
1005192
1004951
1005303
1004951
1005136
1005173
1005303
1005154
1005174
1005266
1005451
1005043
1005099
1005081
1005359
1005803
1005747
1005803
1005229
1005080
1005229
1005043
1005247
1004951
1005025
1005136
1005377
1005154
1005080
1005192
1005155
1005136
1005044
1005099
1005303
1004988
1005155
1005728
1005340
1005747
1005617
1005025
1006710
1005210
1004988
1005099
1013840
1005248
1005117
1005007
1012192
1005155
1005285
1005451
1005229
1005025
1005192
1005265
1005062
1004988
1005174
1005821
1008766
1005747
1005673
1005117
1005025
1005062
1005210
1005247
1009025
1005174
1005118
1005284
1005173
1005025
1005155
1005377
1005155
1005081
1005766
1005433
1005025
1005192
1005081
1006136
1005766
1005747
1005099
1005747
1005340
1005136
1005080
1005321
1005099
1005210
1005044
1005211
1005099
1005155
1005136
1005266
1005173
1005136
1005118
1005136
1005155
1005210
1005840
1005951
1005729
1005006
1005099
1005395
1005192
1005155
1005191
1005174
1009321
1005191
1005117
1005284
1005210
1005080
1005155
1005525
1008766
1005173
1005062
1005506
1005285
1005729
1005729
1006099
1005784
1005100
1005155
1005285
1005136
1005155
1005062
1005155
1005099
1005081
1005118
1005396
1005155
1005136
1005155
1005451
1005173
1005062
1005117
1005210
1005784
1005636
1005785
1005933
1005062
1005062
1005173
1005229
1005136
1005136
1005062
1005211
1005118
1005099
1005099
1011451
1006970
1005284
1005043
1005507
1008803
1005229
1005044
1005747
1005877
1005766
1005803
1005414
1005321
1005191
1005155
1005377
1005136
1005081
1005117
1005507
1008803
1005062
1005137
1005359
1005173
1011821
1008210
1009599
1008322
1007470
1007970
1009414
1008080
1007821
1007951
1007840
1013006
1006155
1005266
1010895
1005840
1005266
1005062
1008877
1005729
1005136
1005155
1015951
1006377
1005080
1005543
1005174
1005081
1005099
1005265
1005729
1005747
1005766
1005988
1005080
1008970
1005118
1005265
1005137
1005210
1005155
1005192
1005154
1005136
1005173
1005266
1005136
1005080
1005080
1005229
1005136
1005136
1005154
1005655
1005785
1005803
1005784
1005081
1005044
1005025
1005117
1005210
1005081
1005155
1005080
1005377
1005080
1004969
1004988
1006247
1005358
1005136
1008210
1005414
1005174
1008932
1005099
1005988
1005839
1005784
1005136
1005284
1005229
1005118
1005154
1005266
1005136
1005100
1005080
1005229
1005191
1005137
1005081
1005192
1005136
1005044
1005136
1005359
1005118
1005136
1005729
1005951
1005728
1005674
1005118
1005266
1005136
1008839
1005155
1005191
1005099
1005081
1005136
1005321
1005081
1004988
1005211
1005284
1005247
1005006
1005118
1005377
1005117
1006006
1006173
1005914
1005692
1005191
1005117
1005617
1005100
1005192
1005063
1005544
1005211
1005155
1005155
1005470
1005229
1008765
1005118
1005321
1005173
1005155
1005044
1005470
1005748
1005784
1005839
1005895
1005136
1005117
1005136
1005173
1005099
1005080
1005247
1005340
1005173
1005192
1005136
1005358
1005173
1005136
1005210
1005321
1005117
1005062
1005266
1005302
1005729
1005895
1005692
1005081
1005211
1005099
1005062
1005303
1005007
1005173
1005137
1005340
1005025
1005025
1005099
1005321
1005099
1005117
1004969
1005358
1005062
1005247
1005062
1005766
1005599
1005654
1005729
1005895
1005359
1005191
1005025
1011284
1005321
1005062
1005673
1005137
1005136
1005136
1005358
1005192
1005155
1005173
1005174
1005229
1005136
1005118
1005858
1005710
1005877
1005692
1005303
1005173
1005136
1005117
1005136
1005062
1005118
1005192
1005136
1005154
1005154
1005265
1005173
1005154
1005062
1005043
1005210
1005173
1005118
1005173
1005840
1005821
1005710
1005543
1005062
1005118
1005062
1005192
1005359
1005173
1005100
1008692
1005247
1005192
1005006
1005099
1005340
1005155
1005173
1005117
1005247
1005266
1005136
1005673
1005970
1005674
1005636
1005025
1005321
1005173
1005210
1005080
1005266
1005062
1005025
1005100
1005247
1005099
1005173
1005062
1005210
1005210
1005062
1005136
1005303
1005192
1005692
1005673
1006062
1005803
1005062
1005173
1005210
1005211
1005154
1004988
1005247
1005229
1005210
1008747
1005358
1005210
1005210
1005025
1005544
1005117
1005025
1005080
1005580
1005192
1005692
1005691
1006025
1005062
1005080
1005248
1005266
1005136
1005043
1005173
1005377
1005117
1005470
1008747
1005340
1005192
1005136
1005174
1005340
1005284
1005210
1005118
1005340
1005765
1005748
1005840
1005377
1005173
1005210
1005081
1005340
1005118
1005228
1004969
1005376
1005154
1005155
1005044
1005432
1005118
1005062
1005080
1005377
1005136
1005044
1005099
1005340
1005711
1005673
1005618
1005062
1005099
1005210
1008858
1005229
1005229
1005192
1005025
1005266
1005080
1005173
1005062
1005247
1005154
1005044
1005173
1007691
1005229
1005062
1005636
1005988
1005802
1005747
1005118
1012932
1005265
1005025
1005450
1005136
1005099
1005062
1005191
1004988
1005136
1005155
1005339
1005080
1005173
1005173
1005303
1005136
1005228
1005211
1005784
1005858
1005710
1005785
1005136
1005044
1005210
1005044
1005173
1005118
1005210
1005100
1005284
1005229
1005155
1005099
1005229
1005043
1004970
1005155
1005228
1005136
1005136
1005710
1014043
1005840
1005840
1005155
1005229
1005136
1005117
1005117
1005191
1005173
1005192
1005155
1005395
1009414
1005229
1005729
1005951
1004969
1005155
1005099
1005229
1005099
1005321
1005692
1005877
1005840
1005044
1005136
1008691
1005692
1005192
1005154
1005673
1005210
1005063
1005062
1005359
1005099
1005100
1005099
1005562
1005118
1005340
1005136
1006062
1005173
1005784
1005877
1006284
1005821
1005025
1005044
1005432
1005099
1005025
1005081
1005229
1005191
1005191
1005173
1005340
1005321
1005266
1005248
1005303
1005228
1005155
1005136
1005395
1005839
1005618
1005747
1005858
1005062
1005228
1005173
1005358
1005043
1005099
1005080
1005247
1005025
1005136
1005154
1005321
1005117
1005118
1005062
1005414
1005229
1005117
1005173
1010599
1005803
1005914
1006173
1014414
1005821
1005173
1005340
1007933
1006710
1005692
1005229
1005395
1005118
1005099
1005229
1006451
1006858
1005451
1005137
1017544
1005506
1005118
1005154
1005321
1005691
1005766
1005729
1004877
1005099
1005118
1005192
1005396
1005174
1005118
1005006
1012210
1005210
1005192
1005674
1005284
1005062
1005173
1005284
1005063
1005099
1005062
1005284
1005710
1005840
1005784
1005247
1005303
1005136
1005173
1005266
1005136
1005080
1005136
1005266
1005155
1005117
1005043
1005284
1005173
1005191
1005081
1005173
1008914
1005137
1005173
1006081
1005895
1005729
1005710
1005136
1005192
1005136
1005062
1005228
1005081
1005173
1005099
1005303
1005136
1005137
1005173
1005266
1005303
1005210
1005062
1005266
1005136
1005136
1005859
1005914
1005858
1005636
1005081
1005413
1005155
1005118
1005154
1005248
1005099
1005136
1005155
1005192
1005210
1005080
1005136
1005247
1005248
1005025
1005192
1005358
1005191
1005229
1005803
1005988
1005747
1005062
1005210
1005321
1005192
1005080
1005044
1005228
1005099
1005081
1005080
1005155
1005136
1005154
1005025
1005322
1005025
1005081
1005247
1005303
1005137
1005673
1005765
1005970
1005081
1004988
1005099
1005211
1005099
1005081
1005136
1005266
1005229
1005081
1005081
1005396
1005174
1005155
1005173
1005321
1005210
1005155
1005211
1005321
1005784
1005821
1005785
1005969
1005043
1005229
1005229
1005321
1005117
1005117
1005155
1005303
1005154
1005321
1005006
1005210
1005080
1005007
1005155
1005303
1005081
1005173
1005192
1005599
1005840
1005692
1005821
1005340
1005137
1005192
1005080
1005414
1005136
1005192
1005173
1005525
1005247
1005099
1005191
1005303
1005228
1005136
1005155
1006377
1005117
1005081
1005599
1005451
1005673
1005729
1005173
1006988
1005414
1005210
1005080
1005450
1005118
1005118
1006173
1005080
1005155
1005155
1005284
1005099
1004951
1005154
1005358
1005136
1005210
1005210
1006025
1005711
1005877
1005692
1005210
1005043
1005154
1005062
1005192
1005154
1008932
1005210
1005173
1005136
1005173
1005080
1005284
1005210
1008784
1005155
1005395
1005358
1005062
1005025
1005951
1005821
1005692
1004988
1005247
1005228
1005155
1005136
1005358
1005155
1005173
1005154
1005322
1005081
1005044
1005099
1005340
1005173
1005080
1005247
1005432
1005154
1004988
1005599
1005988
1005840
1004970
1005173
1005154
1005229
1004988
1005154
1005358
1005173
1004969
1005043
1005136
1005099
1005081
1005192
1005191
1005118
1005284
1005062
1005303
1005117
1005673
1005692
1006025
1005785
1005007
1005229
1005155
1005080
1005117
1005192
1005044
1005080
1008877
1005118
1005266
1005154
1005043
1005117
1005377
1005173
1008895
1005228
1005321
1005803
1005729
1005728
1005895
1005007
1008617
1005099
1005247
1005303
1004969
1005229
1005173
1005154
1005080
1005228
1005340
1005118
1005154
1005062
1005433
1005154
1008951
1005173
1005247
1005729
1005654
1005673
1005080
1005118
1005136
1005192
1005321
1005062
1005062
1005136
1005248
1005118
1005044
1005210
1005470
1005043
1005191
1005081
1005340
1005210
1008858
1005229
1005414
1005748
1005691
1005785
1005099
1005136
1008803
1005044
1005303
1005247
1005821
1005155
1005322
1005099
1008710
1004988
1004988
1005174
1005117
1005247
1005655
1005229
1005173
1005673
1005840
1005803
1005710
1006728
1005451
1005099
1005062
1005284
1005303
1005488
1005099
1005266
1005322
1005062
1005099
1005284
1005062
1005081
1005062
1005433
1005192
1005155
1008729
1005914
1005821
1005821
1005802
1005377
1005118
1005118
1005137
1005266
1005136
1005044
1005025
1005599
1005099
1005192
1008877
1005248
1005173
1005080
1005062
1005210
1005210
1005100
1004988
1005932
1005747
1005747
1005062
1005377
1011006
1005247
1008932
1005488
1005044
1005062
1005118
1005377
1005136
1005080
1005136
1005506
1005062
1005062
1005118
1005525
1005173
1005006
1005636
1006192
1005636
1004932
1005173
1005303
1005210
1005081
1005173
1005265
1005192
1005044
1005173
1005210
1005173
1005174
1008932
1005303
1005155
1005062
1005137
1005247
1005155
1005655
1005765
1005951
1005710
1005025
1005118
1005265
1005081
1005044
1005118
1005191
1005136
1005173
1005155
1005377
1005192
1005136
1005117
1005266
1005174
1005044
1005136
1005321
1005710
1005840
1005710
1005895
1005080
1005118
1005173
1005229
1005117
1005210
1005043
1005229
1005210
1005099
1005136
1005266
1005025
1005136
1005099
1005358
1005080
1005080
1005174
1005266
1005728
1005636
1005840
1005173
1005192
1005062
1005136
1005043
1005192
1005154
1008840
1005173
1005099
1005155
1005062
1005451
1005044
1005137
1005099
1005248
1005229
1005081
1005211
1005432
1005710
1005691
1005099
1005229
1005136
1005210
1005137
1005266
1005154
1005155
1005636
1008322
1005118
1005043
1005043
1008636
1005210
1005136
1005136
1013543
1005248
1005062
1006192
1005821
1005802
1005840
1005210
1005174
1005099
1005025
1005191
1005154
1005136
1005136
1005247
1005155
1005118
1005062
1006654
1010877
1008618
1007376
1007062
1008210
1010136
1008247
1009451
1006970
1008377
1007970
1009821
1005803
1005469
1005173
1006173
1005747
1005099
1005155
1006062
1005136
1005228
1005080
1005544
1005136
1005081
1005136
1006414
1005229
1005191
1005784
1005969
1005803
1005674
1005080
1005303
1005229
1005062
1005174
1005136
1005192
1004988
1005117
1015340
1005266
1005117
1005099
1005191
1005229
1005118
1005247
1005488
1005228
1005173
1005599
1005914
1005655
1005062
1005062
1005210
1005192
1005099
1005155
1005155
1005063
1005044
1005211
1005173
1005081
1005025
1005191
1005340
1005154
1005081
1005192
1005191
1005062
1005673
1005673
1005951
1005137
1005136
1005062
1005284
1005137
1005099
1005062
1005284
1005247
1005210
1005191
1005303
1005025
1005173
1005117
1005340
1005228
1005044
1005025
1005358
1005858
1005747
1005655
1006025
1005155
1005210
1005173
1014710
1005192
1005192
1005062
1005228
1005118
1005210
1005062
1005358
1005062
1005025
1005081
1005358
1005136
1004988
1005173
1005284
1005766
1005784
1005673
1005229
1005229
1005007
1005006
1005229
1005210
1005155
1005173
1005377
1005044
1005025
1005080
1013729
1005265
1005062
1005136
1005655
1005228
1005173
1005062
1009765
1005785
1005765
1006803
1005006
1005099
1005155
1005451
1005117
1005210
1005173
1005914
1005265
1005136
1005210
1005303
1005118
1005266
1005118
1005284
1005136
1005211
1004988
1005877
1008822
1005729
1005877
1005322
1005062
1005265
1005229
1005321
1005006
1005117
1005247
1005488
1005043
1005136
1005192
1005377
1005117
1005211
1005081
1005339
1005173
1005210
1005266
1005933
1008618
1005728
1005785
1005137
1005117
1005043
1005155
1005285
1005210
1006266
1005229
1005228
1005192
1005062
1005173
1005414
1005099
1005155
1005025
1005321
1005173
1005136
1005710
1006136
1005728
1005673
1005099
1005266
1005173
1005173
1005229
1005247
1008802
1005210
1005117
1005173
1005099
1005081
1005173
1005285
1008840
1005173
1005210
1005285
1005007
1005692
1005765
1005951
1005840
1005099
1005191
1005229
1005118
1004988
1005118
1005339
1005247
1005155
1005080
1013803
1005284
1005081
1005136
1005340
1005062
1005191
1005136
1005303
1005099
1005803
1005766
1005988
1005859
1005025
1005266
1005322
1005099
1005099
1005229
1005211
1005099
1005192
1005080
1005285
1004988
1005081
1005099
1005414
1005210
1005173
1005210
1005303
1005691
1005729
1005692
1006080
1005100
1005025
1005062
1005340
1005155
1005210
1004987
1005599
1005192
1005284
1005173
1005636
1005210
1005043
1005210
1005359
1008877
1005080
1005155
1006099
1005673
1005821
1005766
1005247
1005229
1005154
1005173
1005154
1005025
1005043
1005080
1006099
1008210
1005303
1005081
1011247
1005192
1005210
1005580
1005229
1005136
1005118
1005284
1005822
1005637
1005766
1005950
1005025
1005155
1005063
1005284
1005265
1005155
1005155
1005321
1005062
1004951
1005044
1005229
1005025
1005136
1005192
1005229
1005155
1005044
1005099
1005284
1005914
1005581
1005748
1005136
1005154
1005062
1005192
1005266
1005154
1005136
1005099
1005099
1005080
1005099
1005118
1005303
1005062
1005155
1005192
1005247
1005211
1005007
1005044
1006006
1005784
1005692
1005043
1005285
1005118
1005099
1005210
1005192
1005136
1005488
1010544
1007228
1008080
1012247
1009376
1008154
1007062
1007951
1006802
1006951
1009487
1011876
1006303
1007321
1005822
1005858
1005081
1007729
1005396
1005284
1005173
1005358
1005155
1005191
1005118
1005376
1005136
1005155
1005062
1007025
1005062
1005099
1005173
1005562
1004988
1005821
1005617
1005969
1005710
1004951
1005229
1005451
1005340
1005154
1005118
1005340
1005081
1005191
1004988
1005340
1005136
1005044
1005081
1005322
1005100
1005099
1005081
1005265
1005821
1005821
1005691
1006043
1005081
1005173
1005080
1005266
1005155
1005006
1005099
1005266
1005210
1005044
1005173
1005432
1005191
1005136
1005136
1005340
1005025
1004988
1005173
1005322
1005711
1005691
1005710
1005062
1005192
1005229
1005191
1005210
1005062
1005100
1005081
1005285
1005118
1005210
1005117
1005358
1005136
1005154
1005155
1005988
1005099
1005118
1005229
1006636
1005784
1005710
1005747
1011340
1005248
1005155
1005637
1005192
1005247
1005174
1005210
1005154
1005117
1005081
1005340
1005155
1005081
1005136
1005359
1005136
1005173
1005192
1005303
1005654
1005784
1008599
1005173
1005062
1005451
1005137
1005359
1005173
1005118
1008821
1005395
1005099
1005136
1005099
1005303
1005099
1005118
1008784
1005192
1005155
1005117
1005025
1005859
1005785
1005803
1005710
1005136
1005155
1005192
1005081
1005284
1005173
1005099
1005099
1005266
1005191
1005043
1005229
1005284
1005062
1005136
1005154
1005432
1005081
1005081
1005711
1005951
1005617
1005710
1005025
1005303
1005043
1005136
1004969
1005248
1005248
1005081
1008951
1005285
1005136
1005155
1005099
1005340
1005192
1005080
1005173
1005229
1005155
1005229
1005617
1005932
1005655
1005099
1008840
1005247
1005080
1005192
1005117
1005248
1005136
1005377
1005655
1005154
1005155
1005025
1004970
1005581
1005155
1005155
1005136
1005377
1005137
1005636
1005766
1006099
1005784
1005044
1008858
1005247
1004988
1005026
1004988
1005136
1005081
1004988
1005173
1005210
1005173
1005006
1005062
1005451
1005062
1005118
1005155
1005247
1005784
1005711
1005747
1005951
1005099
1005155
1005025
1005321
1005099
1005025
1005136
1005303
1005006
1005118
1005080
1005229
1005062
1005099
1005136
1005284
1005025
1005099
1005118
1005303
1005636
1005599
1005617
1005210
1005136
1005007
1005154
1005155
1005117
1005099
1005117
1004377
1005173
1005117
1008747
1009895
1005099
1005044
1005118
1005284
1005117
1005099
1014451
1005821
1005636
1005543
1005988
1004988
1005247
1004988
1005396
1005080
1005099
1005174
1005265
1005136
1005136
1004951
1005265
1005099
1004988
1005062
1005321
1005154
1005099
1005154
1005229
1005673
1005877
1005692
1005191
1005191
1005192
1005136
1014377
1005247
1005154
1005081
1005228
1005136
1005136
1005117
1005155
1005062
1005136
1005043
1005192
1005100
1005154
1005081
1005358
1005803
1005784
1005155
1005173
1005173
1005062
1005155
1014339
1005266
1005266
1005062
1005229
1005191
1005173
1005062
1005191
1005266
1005154
1005173
1005432
1005229
1005155
1005637
1005988
1005821
1005691
1005044
1005303
1005155
1005192
1005007
1005359
1005117
1005154
1005136
1005210
1005155
1005136
1005081
1005265
1005025
1005136
1005136
1005303
1005099
1005655
1005728
1005433
1005691
1005081
1005117
1005322
1005007
1005192
1005173
1005229
1005006
1005118
1005118
1005303
1005229
1005173
1005155
1005359
1005117
1005118
1005136
1005340
1005710
1005895
1005895
1006117
1004932
1005173
1004951
1005488
1005247
1005118
1005136
1005358
1005192
1005173
1005025
1005396
1005099
1005062
1005173
1005488
1005711
1005173
1005191
1005414
1005729
1005710
1005729
1005303
1005136
1004988
1005155
1005562
1005210
1005081
1005136
1005803
1005081
1005210
1005155
1012173
1005543
1005099
1005710
1020377
1009266
1005414
1005099
1007506
1005691
1005673
1005692
1007469
1005303
1005174
1005247
1012340
1005303
1005210
1005784
1005229
1004970
1005100
1005284
1005155
1005099
1005173
1005211
1005062
1005081
1005136
1005173
1005877
1005858
1005802
1005988
1005007
1005155
1005229
1005266
1005136
1005025
1005080
1005433
1005099
1005099
1005210
1005358
1005228
1005136
1005210
1005136
1008840
1005192
1005154
1005377
1005599
1005803
1005655
1005173
1005229
1005192
1005155
1005118
1005173
1005136
1005006
1005210
1005154
1005080
1005117
1005081
1005191
1005154
1005025
1005358
1005117
1005118
1005044
1005951
1005692
1005840
1005044
1005229
1005136
1005081
1005173
1005248
1005025
1004988
1005062
1005173
1005136
1005025
1005136
1005266
1005006
1005247
1005192
1005340
1008859
1005062
1005711
1005932
1005840
1004896
1005173
1005321
1005118
1005118
1005173
1005284
1005210
1005155
1005155
1005858
1005136
1005099
1005081
1005210
1005099
1005136
1005154
1005414
1008748
1005673
1005673
1005933
1005674
1005043
1005080
1005155
1005099
1005081
1005173
1005118
1005081
1005137
1005118
1005155
1005265
1005062
1005136
1005247
1005229
1005099
1005100
1005322
1005747
1005766
1005692
1005988
1005062
1005099
1005117
1005155
1005118
1005137
1005099
1005266
1005080
1005081
1006525
1005322
1008932
1005136
1005081
1005470
1005155
1005136
1005173
1005470
1005765
1005710
1005654
1005321
1005247
1005081
1005191
1005247
1005154
1005043
1005080
1005284
1005229
1005173
1005118
1005322
1005155
1005118
1005155
1008081
1005099
1005044
1005211
1006007
1005729
1005803
1005081
1013988
1005321
1005062
1005563
1005155
1005044
1005099
1005303
1005118
1005174
1005099
1005247
1005210
1005062
1005229
1005266
1005155
1005155
1004970
1005970
1005785
1005822
1005673
1005229
1005117
1005155
1005099
1005155
1005211
1005080
1005118
1005358
1005118
1005099
1005192
1005155
1005062
1005118
1005117
1005284
1005062
1005062
1005099
1005914
1005766
1005636
1005062
1005377
1005173
1005007
1005154
1005359
1005173
1005080
1005154
1005228
1005118
1005210
1005044
1005377
1005006
1005080
1005136
1005284
1005099
1005154
1005617
1006006
1005692
1008710
1004932
1005081
1005266
1004951
1005099
1005377
1005137
1005173
1005099
1005229
1005210
1005136
1005117
1005303
1005210
1005044
1005062
1005303
1005099
1005691
1005766
1005951
1005859
1008099
1005173
1005414
1005211
1005192
1004988
1005117
1005210
1005173
1005063
1005321
1005229
1005137
1005099
1005359
1005062
1005044
1004988
1005377
1005636
1005673
1005673
1005914
1005007
1005099
1005137
1005136
1005118
1005007
1005099
1005247
1005155
1008784
1005210
1005321
1005173
1005265
1004987
1005451
1005080
1005229
1005080
1005377
1005618
1005655
1005803
1005173
1005118
1005081
1005099
1005377
1005228
1005081
1005266
1005284
1005062
1005044
1005099
1005321
1005155
1005155
1005081
1005359
1005081
1008839
1005137
1006025
1005692
1006210
1005877
1005210
1005173
1005080
1005043
1005562
1005173
1005155
1005488
1007655
1005507
1005210
1005136
1008303
1005303
1005155
1005155
1013302
1005284
1008859
1005414
1005896
1005728
1005784
1005080
1005173
1004969
1008821
1005303
1005062
1005228
1005118
1005173
1005081
1005210
1005044
1005210
1005100
1005117
1005173
1005284
1005081
1005136
1005192
1005896
1005785
1005711
1005655
1014080
1005321
1005081
1005154
1005173
1005210
1005062
1005173
1005358
1005173
1005192
1005099
1005321
1005155
1005099
1005025
1005377
1005155
1005062
1005137
1006210
1005710
1005654
1004970
1005414
1005173
1005062
1005062
1005229
1005210
1005044
1005062
1005247
1005210
1005192
1005025
1005192
1005136
1005155
1005229
1005377
1005155
1005044
1005673
1006025
1005728
1004970
1005118
1005321
1005210
1005229
1005099
1005229
1005210
1005136
1005136
1005284
1005247
1005118
1005118
1005377
1005210
1005043
1005025
1005358
1005080
1005785
1005655
1006044
1005599
1005025
1004988
1005358
1005025
1005192
1008748
1005303
1005007
1005174
1005155
1005137
1005136
1005044
1005155
1005248
1005173
1005099
1005080
1005247
1005729
1005803
1005839
1005988
1005006
1005155
1005006
1005155
1005155
1005173
1005136
1005433
1004988
1005155
1005173
1005266
1005173
1005062
1008840
1005322
1005154
1005247
1005118
1005339
1005729
1005692
1008655
1005229
1005284
1005043
1005006
1005303
1005118
1004895
1008969
1005414
1005210
1005192
1005192
1005321
1005136
1004933
1005025
1005321
1005173
1005062
1005173
1006414
1005766
1005784
1005840
