3958233
3978770
3999880
4003344
1009970
6980014
1009211
1006582
5982488
1010655
1009711
1009155
4981203
1011674
1008359
5968377
1008044
1013563
5978229
1016655
1007045
1006062
4970185
1014785
1006877
5977155
1008877
1012229
1007433
1006619
3964455
1015489
1007044
5986655
1013229
1006340
1015026
1006433
3952418
1011174
6992587
1009784
1015507
1007044
1023062
1008859
1007785
5919989
1010341
1014192
1011118
1006655
3958177
1009304
1007841
5993580
1011655
1006229
1006063
1008600
1009340
1009100
5942136
1010859
1011878
1006211
1006211
3959622
1017137
1007193
1006063
4969147
1016452
1007155
1006193
4970481
1017600
1007137
1005970
1006081
3960104
1014618
1008248
5976155
1009007
1012100
1006044
1006415
1016081
6948552
1014304
1008248
1012211
1007118
1008489
1014192
5934747
1008026
1005988
1006025
1022044
1007081
1007822
5942785
1013285
1006785
1005896
1006081
1008507
6958329
1007878
1013581
1006581
1019507
1006359
1008470
5936970
1015211
1007155
1014044
1006452
1007878
6948866
1014970
1007082
1006007
1020970
1008007
1011618
5929415
1009193
1006414
1011840
1006173
1011877
1006155
5947877
1015137
1008322
1011988
1006026
1006081
6951384
1014970
1007007
1008322
1021340
1006988
1007803
1007563
4926574
1014211
1006859
1011637
1005988
3960936
1008285
1011896
5977858
1008340
1007248
1007192
1006359
1006433
1008674
5957266
1008358
1015340
1007322
1007396
1014026
6946106
1015359
1007767
1006026
1006025
1011803
1005970
1005766
4942500
1015229
1006710
1006062
1022026
3947604
1014433
1006896
5976340
1015748
1012118
1006248
1008581
1013710
1005970
5937507
1017915
1008452
1011081
1006211
1008359
6947163
1014359
1006933
1011525
1005952
1011692
1005896
1005822
4938166
1016470
1007137
1008526
4968592
1008174
1014211
1006952
1005970
3964141
1014303
1007952
1006859
4967388
1008303
1011896
1006044
1006174
3968140
1016322
1006822
1005915
4972406
1014600
1009877
1011396
1009711
3955104
1007803
1006341
1011563
4972018
1017062
1012174
1008525
4959741
1007822
1005915
1011489
1005989
3968437
1008729
1016600
1007155
4967073
1009174
1005915
1016248
1006359
3962845
1008229
1006026
1005693
1005785
3972196
1008840
1008396
1008155
4973629
1014378
1011581
1006803
1019322
3948900
1015007
1006896
5976599
1009711
1012026
1007007
1006489
1008137
1007563
5949155
1008155
1014581
1006729
1007044
1014007
6947181
1014340
1006747
1005767
1007192
1007766
1015396
1006952
4935333
1007951
1007989
1007692
1007025
1007804
6959810
1007841
1013174
1006470
1006933
1013859
1006563
1007674
4940204
1014544
1011322
1009396
4963666
1008285
1011859
1005971
1006007
3965845
1014933
1006711
1006007
4973721
1014729
1006767
1008025
4970314
1008100
1005933
1005877
1018841
3959492
1015007
1006914
1008082
4970518
1007822
1014507
1006970
1006896
3962955
1008415
1013914
1007007
4970499
1009100
1012044
1006766
1005636
3969121
1019433
1008470
1005859
4962352
1016304
1006804
1008155
4968037
1008284
1014803
1006859
1007062
3963011
1014433
1006729
1008229
4969888
1014359
1011544
1008044
4964777
1008378
1011711
1006044
1007044
3967270
1007822
1015748
5972451
1007341
1006137
1005859
1014803
1006211
1011433
5953174
1017322
1006581
1006118
1007841
1008044
6949440
1008044
1005896
1005933
1007674
1007988
1007804
1007803
1022469
3925937
1014100
1007007
1009878
4977388
1010304
1015211
1007119
1006988
3953252
1014470
1006766
1993144
3984622
1009359
1012118
1006081
4968333
1016211
1006988
1005748
1005933
3965140
1008359
1015636
1011304
4971518
1011877
1012433
1018452
1010914
3959363
1011896
1009822
1010452
4956203
1011747
1006951
1009563
1007470
1009081
6945755
1014970
1006988
1005822
1006192
1008970
1013914
1006785
4934296
1014285
1006785
1005859
1006007
1005822
6959292
1008766
1011914
1005915
1007544
1014062
1007914
5944100
1007896
1011803
1006007
1007359
1013840
6951680
1014322
1007952
1006841
1006248
1006767
1008229
1014099
4942166
1008785
1013303
1006896
4969926
1008100
1005878
1007118
1006322
3967900
1008470
1007767
1005952
4977444
1008452
1012137
1006026
1006063
3966214
1009767
1007988
1007915
4979147
1009322
1007822
1007822
1007284
3964381
1007803
1008340
1008971
4972666
1015230
1007063
1008007
1007007
1007915
6958773
1008581
1011933
1005970
1008655
1014451
1008544
5966673
1026804
1019711
1013341
1015229
1027340
1019748
5868563
1016637
1017285
1010489
1011507
1009766
6928737
1019785
1014433
1016526
1063229
1018377
1033451
1030618
4812205
1016322
1011026
1017433
1014692
3934918
1018767
1010562
1014229
4949333
1024655
1008341
1005896
1007859
1007396
6927811
1009841
1006100
1012303
1006230
1009026
1009748
1009877
4936611
1008878
1008452
1007859
1007692
3972103
1017914
1007063
1008063
4963018
1008174
1013711
1006840
1007045
3962122
1007988
1005915
1011470
4971481
1017081
1011748
1008155
1007730
3956622
1014507
1007100
5975155
1015803
1007322
1011618
1006082
1011840
6946255
1008285
1005915
1011415
1006007
1008267
1007915
1016341
4938870
1007970
1008063
1015285
1006340
3960140
1008118
1008321
1007933
4975295
1014970
1008452
1014174
1006619
3959640
1014562
1008025
5971377
1008452
1012174
1007896
1006137
1011840
6951588
1015248
1008303
1006914
1019507
1009303
1014155
1007063
4919982
1014118
1006748
1005766
1014674
3959548
1014359
1008248
1009322
4965573
1007822
1006026
1005841
1020155
3961251
1014896
1006822
1005785
4970592
1009544
1011415
1007618
1006118
3965455
1014970
1011655
5971544
1013118
1009507
1005877
1028747
1014267
1007803
5940951
1031248
1016118
1012137
1013026
1010840
6905589
1016915
1010933
1019155
1030914
1007174
1007637
5905193
1011451
1014896
1006748
1007174
1015730
1006785
5928007
1007562
1011637
1006081
1025655
1007322
6941126
1015174
1016044
1008470
1022044
1008304
1013952
5915378
1008007
1005914
1005804
1006267
1005951
1005785
5960432
1009878
1009100
1007100
1006044
1006007
1005785
5954433
1016193
1006914
1005896
1020395
1007155
6944033
1008507
1006099
1011470
1006063
1011637
1008304
1007896
4943481
1015582
1014192
5965562
1014174
1006896
1005952
1013285
1006470
6951848
1014692
1007156
1005692
1007007
1011951
1005951
1007229
4939463
1007933
1005896
1014674
1006174
3966825
1008081
1011655
1005711
4972000
1015452
1008359
1011025
1006063
3960141
1008285
1013489
5975692
1008081
1006119
1014433
1007507
1014174
1008859
5939563
1014414
1008100
1007952
1014414
1013619
6941884
1014322
1008082
1009248
1007044
1007822
1007859
5944173
1014229
1006803
1005766
1007026
1007877
6957644
1008451
1014544
1006692
1007377
1014396
1007026
1007915
4935611
1008155
1014193
1006896
1006729
3963566
1007896
1012007
1005989
4970629
1015526
1007007
1005804
1005804
3966030
1008100
1007062
1006729
4977259
1007951
1011525
1005951
1007192
1007878
6958125
1014377
1006952
1009081
1021711
1008267
1013544
5924970
1007933
1006099
1014655
1006378
1013933
1006970
5944526
1015026
1008304
1014359
1006711
1007804
6947959
1007878
1005988
1005878
1007489
1014544
1006840
1007637
4941722
1007767
1008433
1007803
1006952
1013988
6954940
1014155
1006563
1005989
1014174
1006229
1011322
5939470
1016100
1007044
1005970
1018785
1006156
6944774
1008174
1007155
1011618
1006304
1014711
1007045
1007748
4940611
1008229
1007896
1015730
1006452
3960400
1008155
1007915
1008989
4974536
1014026
1011582
1006729
4966610
1015377
1006952
1005803
1020378
3950363
1014896
1008211
1006026
4968573
1008137
1005951
1005877
1020284
3960696
1014803
1006878
1006044
4971796
1015025
1007007
1006100
1005971
3965178
1014470
1006933
1008229
4968666
1009285
1014693
1008248
1007044
1008136
6950589
1014581
1007063
1014026
1006711
1013951
1006878
5936118
1013878
1006878
1011767
1006063
1011933
6948403
1008118
1006137
1005970
1007322
1007859
1013951
1007878
4963629
1014230
1009841
1006266
1007489
3946104
1015433
1011840
1008785
4962352
1015081
1007951
1005970
4968648
1016118
1007063
1005748
1005859
3965789
1008674
1011748
1007303
4985685
1008507
1016081
1011785
1006637
3941307
1008155
1008489
1013952
4966759
1014155
1008174
1005896
1007081
3965696
1007711
1006007
1008433
1007118
3970400
1008044
1008359
1007767
4973166
1008007
1007859
1013692
1006433
3966381
1007841
1011803
1007840
4969240
1014729
1008156
1011841
1006044
3959141
1014711
1006970
1007785
4970018
1014785
1008118
1006063
1015785
3955956
1014822
1006896
1007785
4971221
1014396
1011600
1006766
4964241
1014396
1008063
1011859
1006229
3958604
1008322
1011859
1005914
4973369
1014767
1006822
1005897
1007118
3967603
1014266
1006822
1005859
4969537
1014822
1011359
1006841
1006007
3962974
1014989
1006952
5974562
1014803
1006674
1006007
1007267
1014099
6950144
1007896
1008025
1007841
1015655
1007896
1014045
1008118
4932685
1007970
1011933
1005655
1007210
3969345
1008118
1011766
1005896
4970777
1015433
1006970
1011414
1007340
3957030
1008433
1006229
1005896
4978703
1014785
1006933
1011563
4965611
1015026
1006674
1005933
1020896
3952640
1015489
1007062
1008062
4970018
1008211
1014211
1006914
1007063
3963455
1014173
1006655
1005989
4971759
1014729
1007230
1007174
4968796
1008378
1005840
1011433
1006118
3988196
1022100
1017804
1013136
1013747
3940900
1022637
1014655
1017970
4942777
1015952
1011563
1012137
1016359
3927215
1020210
1007582
1007063
4952481
1008804
1005822
1005896
1006044
3975011
1016248
1006785
1008100
4967722
1009266
1006062
1008693
1007600
1007970
6958607
1007877
1007822
1007582
1022581
1006785
1007359
1007581
4933630
1013989
1006803
1005841
1007285
3964270
1014118
1007989
1005803
4972074
1016563
1008433
1006785
1007193
3959307
1008266
1008100
1007989
4974721
1007970
1006470
1006118
1006248
1007119
6964884
1008470
1006082
1005711
1007896
1014488
1006859
1007618
4946222
1009285
1014507
1008544
1008359
3956270
1007766
1007896
1007470
1006896
3969251
1007933
1008748
1007841
4976092
1013673
1006933
1006044
4972074
1016081
1007230
1006025
1006081
1006118
6955366
1015248
1006952
1005988
1006174
1011951
1006044
1005766
4940945
1008155
1005989
1011415
1005989
3971066
1009840
1014340
5971729
1007896
1005878
1011488
1005951
1011581
1005933
5950210
1014840
1008211
1012211
1005952
1008100
6950310
1015118
1007119
1013710
1019488
1006859
1007878
5929340
1007747
1013099
1006526
1012378
1006173
6953032
1008155
1005951
1005951
1019062
1006211
1009489
1014322
4930388
1007822
1006062
1005952
1006099
1013359
6959588
1008267
1007174
1006822
1006396
1009304
1007896
1008007
4948351
1007951
1011878
1005952
1006155
3967659
1014692
1011377
5987692
1031395
1011821
1007618
1009878
1009044
1011877
5904952
1011470
1016748
1008137
1008303
1014841
6936477
1009693
1005970
1011877
1006489
1011914
1006118
1008804
4941074
1009452
1013859
1007007
1015359
3951863
1014507
1006951
1006156
4973407
1008266
1011970
1005915
4969740
1017045
1007341
1005878
1006007
1006007
6956700
1016637
1011396
1006656
1005970
1013451
1007896
5936896
1008155
1011674
1005822
1006119
1011674
6955440
1009581
1009544
1009026
1008230
1007804
1007748
1013581
4934537
1007766
1006026
1007933
1007136
1007730
6961978
1007710
1011673
1006063
1007118
1008062
1007914
1008026
4945908
1007970
1014118
1008118
1006822
3962937
1014211
1006711
1005748
4969962
1008192
1006081
1005877
1019284
3961548
1015378
1007007
1009285
4968778
1008267
1007896
1011859
1006174
3965085
1008026
1013359
1006656
4970925
1015026
1008192
1005878
4968758
1015377
1007026
1005933
1007285
3966492
1014359
1006526
1005933
4969796
1014637
1007285
1005748
1005933
1008025
6958959
1007840
1008210
1013600
1006637
1014007
1007841
1008896
4930759
1014544
1006655
1011729
4967722
1015285
1006970
1005988
1015525
3955474
1014674
1007081
1008192
4971055
1007970
1006026
1005896
1021841
3955863
1008044
1007285
1006822
1006599
3975936
1011915
1005989
1005840
4970370
1016211
1007915
1008211
1015655
3952863
1009396
1008396
1007877
4975333
1014674
1006711
1005748
1021841
3947974
1014656
1006877
1005859
4973389
1014452
1006803
1006007
4973055
1015192
1008266
1008045
1021062
3945289
1009359
1006840
1006692
4974906
1008193
1012322
1006063
1007489
3967955
1013914
1011396
1006729
4964500
1014951
1006841
1005840
1019340
3954252
1014674
1006951
1005859
4972685
1014804
1008285
1007100
4966907
1014378
1007081
1005896
1006988
1007544
6956458
1007840
1006822
1006785
1006322
1006637
1007896
1008155
1007063
3945548
1014766
1007063
5973988
1014322
1007229
1011785
1006637
1012285
6947515
1008655
1005896
1005859
1007507
1007711
1007655
1011822
1010322
3947419
1012562
1009267
5975525
1011970
1005952
1013081
1009600
1019025
6930496
1011767
1013767
1006582
1007822
1014007
1006618
1013896
4922389
1014192
1006766
1005767
1019099
3954604
1016285
1011229
5969933
1008415
1008451
1014211
1006340
1007934
6953884
1009341
1007007
1006526
1005785
1006211
1005729
1011656
1005822
3941992
1008470
1014729
5975433
1009378
1015785
1008359
1021896
1007952
6935755
1008062
1012063
1005915
1007248
1006118
1007711
1007341
4945574
1007822
1007470
1012136
1019526
3953011
1008377
1005952
1005803
4978814
1014970
1006970
1014563
1006878
3958567
1008025
1005766
1005636
4977277
1015082
1006933
1008359
1014933
3955807
1009119
1014488
5974044
1008377
1014489
1007118
1007063
1007970
1007600
5946303
1009044
1011804
1006877
1006044
1005988
1007989
5952248
1008192
1006748
1008267
1007933
1007822
1014321
5946563
1014804
1007082
1015210
1021729
1006933
6933681
1014415
1006877
1007804
1006192
1013266
1007618
5941600
1008304
1015396
1006692
1007062
1013822
6948644
1015062
1008062
1011618
1006600
1006637
1005729
1005914
4939111
1008063
1005840
1011526
1006137
3968881
1008378
1013766
1008063
4970092
1008562
1011951
1006007
1006230
4024306
1014710
1011989
5914322
1018100
1011118
1011248
1006878
1006007
6944755
1016599
1007637
1008415
1022581
1007007
1007563
1007618
4922556
1008378
1008100
1013748
1007378
3963566
1007729
1005951
1005915
4980907
1009433
1006914
1011692
1006100
3962252
1008285
1015804
1006933
4968462
1015266
1006766
1005729
1006025
3965882
1008193
1011933
1005877
4973463
1007804
1006007
1005785
1007230
3974640
1009248
1014304
1007877
4965315
1007767
1006118
1014526
1006526
3966418
1007581
1014673
1006766
4968796
1013655
1011767
1006525
1006174
3962641
1017062
1007248
1008044
4969500
1008044
1011710
1007193
4969333
1008563
1005915
1005822
1015284
1006285
6956199
1008229
1013748
1006952
1007563
1009007
1008933
1007637
4937759
1013859
1006822
1015118
1006248
3958511
1014896
1007063
1007896
4968352
1014285
1007026
1005896
1006989
3966863
1007970
1005933
1013118
4970926
1014804
1008229
1006896
1005803
3963733
1008118
1006081
1005915
4982091
1014748
1006859
1011563
1005970
3957622
1008156
1014544
1007156
4970055
1014452
1006803
1005767
1006007
3968733
1008211
1016044
1011433
4960796
1014359
1011156
1006804
1006211
3962307
1016452
1007156
1008192
4969055
1009303
1012248
1006600
1006007
3963788
1016230
6981273
1008341
1013322
1006489
1006285
1006915
1006730
1008192
4946056
1007451
1012118
1005971
1005970
3967752
1008118
1015063
1007062
4966815
1008007
1011989
1007914
1005970
3967622
1014822
1006822
1014284
4961629
1009174
1008915
1007674
1008303
3968659
1007896
1006192
1005748
4977870
1015507
1006859
1005971
1006211
3967437
1008118
1011563
1007877
4967333
1015100
1006878
1005933
1007193
3966566
1014507
1007989
1009507
4965240
1008230
1008063
1007711
1021304
1006989
6946552
1007637
1005840
1015063
1018747
1008119
1013600
5930285
1007951
1006026
1005711
1018692
1006229
6954570
1014915
1008266
1014007
1006488
1007822
1007618
1007488
4935704
1014414
1007044
1005878
1006285
3963567
1009674
1013451
1007396
4968203
1008155
1006007
1011396
1006007
3968955
1008193
1011803
1005748
4973499
1014618
1006933
1008119
1021470
3949641
1008044
1007878
1007655
4974555
1009063
1009618
1014118
1007729
1007767
6949755
1014322
1006711
1007822
1006896
1013989
1006637
5943173
1008377
1008581
1014859
1006544
1007748
1007840
5944748
1014600
1006804
1014081
1019544
1008156
6936385
1014229
1006841
1005692
1006136
1011971
1005933
5948377
1008804
1012063
1005896
1021026
1007563
6946014
1007970
1011840
1007970
1006156
1013174
1006563
1011619
4932111
1015174
1008303
1006822
1006008
3963473
1008488
1012063
1005951
4972592
1015155
1006896
1008341
1021359
3949400
1008025
1005878
1005841
4978055
1015248
1007007
1015118
1006284
3958307
1009248
1014692
1008230
4966944
1008137
1013915
1006748
1007118
3964048
1007804
1005859
5982396
1014173
1006970
1005933
1005878
1011951
1005989
5947822
1008415
1006081
1005859
1019303
1006359
6953959
1015285
1007193
1008303
1020878
1007748
1007915
1013525
4919075
1014100
1006877
1008026
1020933
3950474
1007896
1005988
1008082
4978796
1014785
1006989
1005896
1006970
3962659
1014989
1008137
5975155
1008100
1011822
1005877
1006100
1014285
1007896
5945582
1014099
1007841
1011433
1006933
1007914
6950736
1014637
1006785
1008322
1021674
1006914
1007933
5932988
1007821
1013914
1011562
1018877
1010970
6937607
1014396
1007082
1007896
1006951
1007859
1013859
1008025
4935648
1008044
1013322
1006562
1006044
3962493
1015341
1006970
5982803
1012155
1006433
1006081
1023100
1006470
1005933
5934285
1017118
1006934
1005988
1006359
1015655
1007007
5938304
1014248
1006748
1008174
1006877
1007934
1007562
5947526
1008007
1008248
1007822
1007267
1008915
1008970
5950081
1014581
1011544
1006637
1007118
3962326
1007840
1006119
1005951
1007230
3972492
1014266
1006748
5992044
1011655
1007507
1015155
1010803
1015415
1008377
5921063
1011489
1006267
1006211
1007248
1012544
6947014
1016989
1006914
1006007
1014618
1007267
1011618
1007582
4932370
1008136
1006063
1016841
4966888
1014211
1006878
1006099
1022599
3947178
1014970
1007582
1005951
4974167
1014673
1007118
1006026
1018729
3950344
1016729
1011748
5969766
1007989
1005933
1011471
1006193
1011710
6955532
1008230
1007914
1013877
1006804
1009062
1008989
1010692
4935925
1007785
1007933
1007859
1022155
1006896
6946978
1015507
1008026
1014025
1006341
1007452
1007544
5940304
1014341
1008063
1014359
1007452
1006026
6946885
1015915
1007859
1007841
1019026
1007877
1007692
1007544
4926092
1007915
1005841
1005841
1005859
3973973
1008452
1006118
1011507
4972796
1015322
1007136
1006025
1006026
1005878
6957866
1015822
1006970
1007970
1007303
1007841
1007933
1007526
4944055
1015377
1011692
1007007
4962074
1014636
1006785
1008155
1021322
3947585
1007896
1006119
1008007
1007081
3971011
1014248
1006952
1005859
4970388
1008415
1012118
1006081
1009100
3964659
1009340
1012359
5976173
1012822
1009137
1007267
1008026
1007859
1008563
5948044
1015063
1008118
1008026
1018507
1007211
1007989
5931878
1008340
1014044
1006730
1006897
1007600
6955847
1007729
1008192
1013840
1006174
1007636
1009062
1009137
4937685
1008026
1008470
1014711
1006414
1007859
6954125
1008877
1009026
1009044
1025488
1014359
1008600
1008803
4922612
1008915
1012137
1008211
1006470
3961974
1020062
1009062
5963081
1008933
1011989
1006026
1008322
1007673
1008599
5947748
1008266
1007784
1009118
1007803
1009063
1014156
5942951
1008156
1008340
1008025
1007192
1007729
1007970
5951711
1008970
1008915
1007655
1007025
1007655
1007563
5951674
1010173
1006729
1009192
1021267
1007192
6951755
1010989
1012044
1011192
1007137
1011970
1006359
5934026
1022914
1008008
1005896
1011377
1007637
6941644
1008840
1005988
1011600
1006174
1011840
1005951
1005896
4945147
1016415
1008062
1007081
1008452
3982752
1013173
1017118
1009767
4959425
1013470
1012173
1006155
1008211
3936085
1014414
1006878
5978544
1019507
1007155
1006082
1007748
1014155
6943089
1014192
1006766
1005822
1006081
1008377
1007841
1013766
4938148
1007970
1006081
1008730
1006914
3969381
1008452
1014007
1006674
4968018
1007915
1006507
1007285
1028544
3954048
1015766
1006841
1006859
4966370
1007914
1005822
1005822
1005952
1005859
6965459
1008285
1008378
1013878
1006433
1009044
1008563
1007841
4939111
1008359
1007989
1013359
1006340
3963937
1008193
1007970
1007878
4975314
1014396
1006915
1006007
1021988
3949715
1014340
1006656
1006026
4974148
1014582
1008044
1006729
4969018
1015118
1006989
1006118
1018711
3951641
1014822
1007025
1005896
4969907
1007952
1005859
1007988
1006748
3974030
1014637
1006692
1014414
4961592
1008174
1009377
1014025
1006711
3963437
1007859
1005859
1008267
4975444
1014840
1007099
1007915
1006915
1007988
6953088
1007951
1014100
1006822
1021137
1006841
1007914
5934729
1014303
1007784
1011840
1006414
1012248
6945996
1008341
1005970
1005914
1006007
1007896
1008267
1014136
4943796
1014600
1007915
1007766
1007081
3964344
1007971
1011878
1005767
4971147
1015007
1007044
1005878
4974573
1015285
1011618
1006730
1006303
3960048
1015303
1007119
1008248
4969962
1014470
1008248
1011600
4961167
1008656
1005877
1014156
1006359
3967103
1008174
1005933
1006026
4979499
1007971
1008378
1014266
1006563
3960844
1016025
1006933
1014304
4960129
1008396
1009193
1014081
1019859
3950844
1014211
1011155
5970914
1014914
1006989
1007803
1021210
1007155
6941607
1014507
1006767
1005748
1021952
1006859
1007859
1013599
4922297
1013989
1006840
1007896
4973148
1008230
1007803
1007896
1020322
1006544
6945477
1014433
1006822
1008396
1006729
1014063
1008025
5940822
1008007
1013192
1007970
1021748
1011489
6936681
1014377
1007952
1006748
1006933
1005840
1005822
1005859
4945370
1008322
1006026
1005970
1019396
1006229
6953348
1014100
1007007
1008155
1021063
1007119
6941903
1014248
1010915
1006581
1006174
1005711
1011526
1005859
4940407
1014896
1006822
1005933
4972037
1014618
1007081
1005729
1018433
3953492
1009581
1009211
1007971
4972018
1015081
1006859
1005878
1007693
1007970
6955236
1014192
1007933
1011767
1006062
1005860
1005693
1005785
4940611
1010433
1009766
1014396
1024340
3943881
1014489
1008359
5973729
1008229
1013433
1006711
1024358
1007026
1008063
5930470
1008840
1011804
1006914
1022618
1011156
6937811
1008081
1005878
1011581
1006044
1011637
1010822
5944988
1008359
1005952
1005915
1006062
1013340
1006655
5953007
1008433
1008396
1013822
1006785
1013952
6947995
1007637
1006007
1005656
1005952
1013285
1006526
1008044
4949370
1007970
1011748
1005878
1006488
3965400
1014878
1011730
5971655
1008081
1011841
1005803
1005896
1013766
1006452
5947062
1014785
1006822
1011563
1006007
3964067
1008173
1006173
1005896
1006081
3972900
1009507
1014544
5971507
1008044
1005877
1008267
1006988
1007748
1013692
5949007
1007803
1007007
1013211
1006859
1012192
6951755
1008267
1005859
1005692
1006415
1013562
1006396
1008341
4949814
1009433
1014100
1006878
1007193
3961270
1007915
1014933
5972766
1008081
1006026
1007007
1020655
1007859
1014636
5934803
1007859
1006081
1011581
1005841
1011692
6955700
1009582
1011840
1007859
1012748
1006322
1005878
1014433
4932092
1015359
1006915
1007877
1007118
3962381
1009544
1008988
1009210
4971332
1008359
1011859
1010840
1019285
3950177
1008210
1005934
1005748
4978222
1008396
1006136
1005896
1006007
1006026
6971848
1009489
1011470
1006304
1006026
1015970
1006914
1009322
4933130
1008155
1005952
1006008
1007525
3969678
1008174
1007767
1007766
1006489
3969363
1008785
1014341
1006914
4966870
1007692
1008378
1007748
1006896
3970344
1007859
1005970
1007044
4979389
1016433
1011766
1011600
1007618
3952585
1017155
1006767
5972673
1010748
1016563
1011211
1006859
1007804
6946866
1007821
1013284
1006452
1006100
1015655
1011414
5936600
1014544
1006822
1005896
1010285
1006285
6957255
1014599
1011415
1011026
1006433
1015785
1007840
5929951
1007859
1013433
1011099
1006544
1015007
6945699
1009155
1009989
1008785
1008193
1012766
1011692
5938155
1007563
1013340
1006637
1019637
1006285
1005766
5939267
1014710
1006951
1005655
1005933
1007396
1008044
5951396
1007934
1011747
1005822
1006100
3970214
1014655
1006655
1011377
4964500
1008359
1005822
1005933
1019099
3961974
1014822
1006840
1007840
4971444
1008044
1011822
1005970
1006045
3965678
1015082
1011599
5971007
1009451
1006896
1006766
1007211
1012137
1005785
5950618
1014804
1006989
1005822
1006118
1011877
6953755
1008174
1006082
1005970
1007119
1014581
1006933
1007970
4945500
1008118
1014581
1007933
1007285
3961937
1008192
1014156
5973617
1007729
1014303
1006803
1006914
1014192
1006600
5942859
1014396
1006748
1011600
1005859
3962122
1008359
1012007
1005841
4972555
1014340
1006766
1005951
1007544
3967529
1007915
1011674
1007914
4970241
1015136
1007007
1011100
1009822
1010156
6961662
1012099
1012063
1006859
1007970
1018414
1006896
5918248
1015525
1007118
1016322
1020136
1009767
6933477
1008063
1013248
1006581
1023969
1007081
1007600
5929433
1009247
1011970
1006989
1018785
1006433
1008581
5935804
1007674
1011637
1005859
1007415
1007896
6958273
1007674
1005767
1005970
1005841
1005933
1008248
1007970
4955685
1008063
1006174
1005878
1006081
3971529
1014803
1007063
1006156
4970648
1008007
1011841
1010878
1005859
3963659
1008211
1005952
1006952
4976962
1007766
1007989
1008211
1007100
1007785
6959866
1014822
1006970
1007804
1021673
1008044
1014915
1009193
4919296
1007970
1014358
1006970
4969999
1008007
1005859
1005859
1006248
1006655
6963811
1008007
1005674
1005748
1006988
1012173
1006007
1008081
4949073
1009137
1011766
1006637
1006026
3965381
1007803
1005803
1011378
4972110
1014822
1007488
1005896
1006229
3966900
1015507
1007118
1005859
4971295
1014710
1011433
1006710
1006099
3960881
1015155
1008007
5973452
1008174
1008322
1013692
1006470
1007952
1007878
5946915
1007655
1012952
1007711
1019285
1007248
6943996
1008322
1014693
1006915
1007007
1014378
1006896
1007970
4936611
1009303
1008914
1008248
1006803
4000955
1028673
1016841
1016044
1013841
3927678
1023137
1014470
1022025
4914574
1011377
1008025
1011563
1029415
3943974
1016415
1015247
1033600
4941963
1023248
1016470
1018341
1014100
3919790
1021877
1018136
1015211
1015285
3927770
1025803
1014562
1007933
4937370
1010267
1011933
1005915
1007877
3958622
1008266
1006433
1008378
4977240
1014489
1011322
1006600
1005840
3960641
1016896
1007174
5972655
1016137
1011378
1008489
1020636
1006211
6935422
1014507
1006692
1006062
1006082
1015989
1007155
1007952
4935000
1013488
1006896
1008044
1021414
3951011
1007933
1005933
1008211
4977240
1008396
1014230
1007988
1007489
1008988
6950663
1007933
1005989
1008063
1007137
1007674
1007803
1013674
4941000
1014100
1006748
1005878
1006081
3973807
1010970
1011914
1007711
4978314
1013063
1016581
1010841
1009507
3953159
1029081
1011951
1009989
4929556
1010322
1006136
1011729
1005896
3964826
1011544
1013581
1006692
4970055
1008174
1016359
1011803
4961463
1008156
1011933
1006044
1006414
3966789
1016192
1007026
5972747
1017136
1006933
1005877
1007118
1007785
1013711
5941748
1008285
1005767
1005748
1005803
1008044
1007729
5957451
1007988
1008267
1007748
1021488
1008396
1009118
5936692
1014155
1006878
1005915
1021210
1007100
6943588
1008341
1009266
1013673
1012804
1008174
1007933
1008266
4931185
1007877
1007841
1013655
4972870
1007934
1013452
1007822
1018877
3949900
1008248
1005897
1005674
1006026
3975103
1014600
1006656
5974470
1014784
1009470
1013544
1006526
1007803
1007822
5940174
1008896
1014637
1008230
1022877
3948548
1015433
1008285
1009211
4963240
1008025
1007803
1014118
1013008
3957788
1007952
1005951
1011526
4974463
1015581
1007026
1005600
1007063
3963548
1014544
1006785
1005878
4970629
1009451
1007025
1011766
1007081
3964788
1008303
1012118
1005915
4972629
1015137
1007155
1008229
1021433
3949122
1007711
1013322
5975988
1008211
1008822
1008248
1007563
1014822
1006804
5945896
1009415
1013526
1006711
1006933
1007692
1007729
5951230
1010563
1011970
1007840
1006452
1013303
6943959
1016933
1007062
1008526
1015526
1007544
1014489
5929378
1014599
1006747
1006099
1018729
1007507
6945847
1009026
1011859
1005841
1006062
1015618
1007896
1014119
4931111
1009451
1013562
1007970
4967648
1008600
1011822
1005971
1006155
3968214
1014525
1006896
1008415
4969296
1008026
1013396
1006582
4971351
1015137
1006766
1005841
1006915
3963992
1014507
1008007
1009600
4966425
1007970
1014896
1007488
1007100
3965529
1014674
1011433
1008007
4963389
1016081
1007600
1008230
4967925
1008155
1006008
1011748
1005988
3965640
1008340
1011952
1007007
4971184
1008341
1005785
1006025
1021563
3959140
1007711
1006156
1007933
4979666
1009229
1012118
1005952
1005933
3963714
1015062
1011674
1006711
4965426
1008192
1008526
1013729
1019433
3950066
1014193
1006748
5977359
1014933
1007193
1011600
1005878
1011822
1005859
5941637
1014674
1006951
1005711
1006099
1005952
6960403
1014674
1006896
1005989
1018322
1006322
1008007
1013859
4925352
1007618
1005915
1007711
1006822
3973214
1014340
1006897
1007951
4971407
1014266
1006804
1005970
1006081
3966047
1014952
1011322
5969859
1008322
1005914
1007137
1015340
1007896
1014118
5940211
1008137
1007988
1013840
1006766
1013933
6948884
1014266
1008118
1014340
1006544
1007859
1007951
1007747
4935611
1014267
1007025
1007692
1020414
3949419
1009692
1009359
1009359
4970259
1008062
1005933
1011766
1006452
3966455
1008229
1013526
1006563
4972703
1014915
1007137
1006026
4971462
1014785
1011451
1006785
1005971
3960566
1014693
1008099
1006748
4967703
1008062
1008156
1011859
1006433
3967455
1007692
1005933
5983007
1014415
1006841
1005785
1019562
1006285
6946125
1015210
1008155
1014118
1006526
1013858
1006785
5934766
1014026
1006822
1011562
1006082
1011748
6948458
1008062
1005952
1007878
1007655
1014007
1007878
1008896
1006970
3935251
1013988
1011303
5971118
1014544
1006822
1005877
1005933
1006747
6959254
1008266
1012007
1006045
1006082
1013414
1006656
1011396
4936074
1014840
1008099
1006878
1006989
3964325
1007951
1006026
1011785
4972111
1015007
1007118
1005822
1005933
1005989
6958903
1014044
1006655
1005803
1005970
1011877
1005729
5950026
1015247
1007063
1009340
1022766
1008082
1008748
5927100
1014414
1007063
1005896
1007100
1007619
1007785
5950322
1015933
1008508
1013192
1006489
1014044
6939885
1014322
1006896
1005748
1005915
1005952
1005804
1007988
4947277
1014488
1008118
1006044
1023137
3949011
1014451
1011563
5970655
1009599
1006859
1009304
1006711
1007933
1008415
1007785
4943537
1007988
1008100
1008044
1007137
3969140
1009044
1008859
1008674
4974740
1015082
1011692
1006840
1006933
3958474
1014526
1006822
1007822
4970852
1013693
1011452
1007229
4964018
1008137
1006192
1014341
1006988
3966548
1008100
1005970
1011600
4970629
1014989
1006989
1007877
1006877
3992659
1018322
1010285
1016711
4956389
1020118
1022137
1020026
1016174
1016155
6890126
1012952
1017026
1006896
1007784
1016210
1006970
1009007
4905796
1014692
1007933
1007877
1007711
3962992
1014803
1007026
5975210
1007840
1007600
1011692
1006563
1011951
1005822
5946581
1016525
1007026
1005915
1007248
1014525
6947885
1008081
1011989
1006415
1006155
1013285
1006396
5947581
1016525
1011044
1010692
1007210
1015340
6937181
1007803
1005989
1005933
1019822
1006229
1005674
1005896
4953851
1010988
1011989
1006674
4961073
1009082
1008489
1008174
1007137
1014304
6948421
1014174
1011378
1008137
1019637
1006100
1005785
5934729
1014452
1011248
1006582
1006192
3963511
1016285
1008378
1009803
4962389
1008303
1014136
1011285
1006304
3961233
1007840
1013433
1006710
4972944
1008210
1011989
1005951
4970277
1016230
1007026
1006062
1012766
3959214
1014600
1006785
1007211
4970851
1014785
1007044
1007989
1010451
3981714
1023303
1011748
1007304
4956574
1013414
1007637
1008433
1024377
3923197
1007804
1005803
1005804
4980296
1015322
1006822
1005785
1007562
3965437
1009378
1016636
1007026
4965110
1008099
1011656
1005951
1006285
3966474
1016915
1012063
5968581
1008544
1006137
1011674
1006136
1011673
6955033
1009414
1011840
1007859
1006007
1008618
1007934
1007729
4944185
1007896
1015026
1006877
1006822
3962937
1009341
1013192
1007730
4968592
1014230
1011470
1008007
4965778
1014970
1008396
1006100
1022748
3945956
1013748
1007618
1006174
4971759
1015840
1006822
1007989
4970185
1008156
1008896
1011266
1006452
3961788
1008285
1006137
1011489
4973814
1014859
1006841
1005859
1020322
3952937
1015026
1008100
1014433
4960444
1007711
1005803
1007971
1006914
3973863
1014211
1006988
5974859
1014488
1006822
1005915
1005933
1005840
1011341
5948340
1008303
1005878
1007729
1007230
1014174
1007822
5948915
1007970
1008118
1007915
1021396
1007063
6946477
1013915
1007970
1011970
1007008
1013878
1006729
5937970
1014785
1006970
1007785
1007378
1007748
1007674
5946656
1014229
1006878
1007655
1021174
1006692
6942940
1014303
1006877
1011711
1006044
1011748
1005915
5941748
1015044
1007118
1005952
1019082
1006248
6947070
1016396
1006933
1011766
1006859
1012248
1006673
5937285
1008192
1005915
1011507
1005988
1011877
1005971
5949655
1015619
1008396
1011915
1006433
1008007
6949144
1008063
1007859
1007655
1015618
1006803
1007526
1007581
4938907
1014082
1006748
1011489
1006118
3961585
1008489
1012137
1005767
4972296
1014822
1008229
1011988
1006248
3958289
1008433
1008285
1013951
4969315
1014489
1007007
1011600
4965518
1007952
1006100
1005729
1007193
1014100
6957737
1014173
1006914
1007989
1021414
1007063
1014007
5927637
1014748
1006952
1007748
1020192
1006822
1008525
5936952
1008396
1006008
1015989
1007100
1013970
6945199
1007784
1005877
1005952
1017821
1007118
1007952
1007748
4939944
1008822
1006840
1008803
1005822
3981436
1014711
1008229
1011841
4968221
1015099
1006914
1011637
1028396
3925270
1018173
1006989
1008137
4967389
1016599
1011785
1009915
4963370
1010526
1015526
1008118
1009359
1008637
6944385
1010488
1014581
1007248
1007489
1013970
1006933
5936155
1015321
1007173
1016766
1006489
1014062
6936404
1007859
1006211
1016322
1013748
1007008
1009396
1016359
4925852
1008211
1013878
1006785
4968481
1008174
1011878
1005970
1006193
3967030
1008377
1006007
1005729
4980184
1007989
1006026
1005729
1006063
1005822
6965236
1009526
1006063
1008026
1007082
1007748
1007785
1008137
1007136
3940733
1008136
1007841
1007804
4973555
1008970
1009229
1007618
1006896
1007693
6958310
1008229
1008026
1013877
1006600
1013896
1006748
1007785
4936944
1014359
1006877
1005951
4972111
1008136
1006100
1005785
1018637
3960011
1015841
1008211
1006877
4966537
1014933
1007045
1005951
1006026
1005915
6958477
1008544
1007118
1006581
1006285
1005711
1007989
1008155
4953129
1007840
1014192
1007025
1020711
3948177
1015155
1008377
1009525
4964685
1008156
1013952
1006785
1007063
3966362
1014284
1011525
5970451
1015525
1012211
1008100
1022155
1007284
6936810
1015248
1006914
1005859
1006470
1013396
1006359
5944377
1015748
1006840
1005952
1012396
1006748
1007692
5941451
1008026
1015470
1007118
1006933
1014063
6947773
1014266
1006785
1005933
1016433
1006915
1007877
1013637
4939240
1010896
1016303
1008155
4955389
1007914
1008322
1006304
1006322
3969918
1016581
1011989
1007118
4963444
1008618
1006155
1011656
1005933
3968400
1008341
1006174
1006063
4978444
1015822
1011766
1008248
1007248
3955456
1007970
1014433
5977007
1015007
1007248
1008119
1007285
1014007
1006896
5938804
1014433
1007063
1011674
1005785
3962511
1008396
1011952
1006100
4971870
1009303
1006822
1005822
1006878
1007803
6961941
1008007
1006045
1005933
1005952
1006007
1008284
1007859
1006970
3945789
1008063
1006229
1014285
4970333
1008100
1007970
1007952
1006951
3970715
1009247
1006747
1006729
1006933
3967418
1008211
1007804
1007988
4975130
1014451
1006748
1005971
1007192
1008433
6957384
1007970
1013192
1006730
1014303
1006359
1008211
5941488
1007840
1011822
1009193
1006803
1009081
6959088
1009155
1006137
1005803
1006693
1008600
1007840
1008896
1007507
3937493
1009692
1013118
5972544
1014563
1006841
1008266
1021711
1008229
6939663
1014340
1008045
1011174
1005952
1005951
1006044
1011451
4936518
1016211
1006822
1006007
1005897
3965177
1008841
1006840
1006137
4977667
1014267
1006914
1011396
1005988
3963714
1007896
1013377
1006600
4968259
1008396
1014340
1014322
1007211
3958048
1008322
1007915
5980081
1009192
1014081
1008063
1008137
1007748
1007729
5944100
1014211
1006951
1005952
1020914
1006859
6944384
1008266
1006026
1008081
1007099
1013896
1006785
1007637
4944685
1014562
1006914
1005748
1007025
3965029
1009248
1012414
5974377
1014730
1007026
1008174
1020933
1007026
1007692
5933970
1009026
1011804
1010229
1005914
1013230
6948921
1008488
1008100
1007970
1021470
1006822
1007989
1014100
4926629
1014933
1006896
1007841
4971315
1008378
1008285
1013618
1006618
3961900
1009155
1013544
1007619
4968148
1016155
1006933
1005840
1019951
3950771
1015285
1006933
1005878
4969481
1008100
1005989
1005896
1005970
1006007
6967107
1014544
1007045
1005915
1005970
1008007
1007933
1009211
4940944
1008211
1008192
1008081
1022174
3955437
1015896
1006952
1007822
4970073
1014155
1006730
1005841
1021322
3950400
1014729
1007044
5974414
1014784
1006915
1011507
1006415
1012174
6947107
1008396
1005859
1005803
1006063
1005748
1005841
1008322
1021155
3934363
1009396
1012025
5975766
1015118
1006971
1005914
1018804
1006470
6946811
1014637
1008044
1014284
1007692
1007748
1007729
1007656
4933963
1008082
1011822
1005877
1006248
3967770
1014414
1011266
5969914
1015396
1007174
1005915
1009877
1006414
6955478
1014452
1011044
1008229
1019155
1007285
1011581
5927322
1008470
1005915
1011655
1006322
1011951
1005914
5949952
1015562
1006656
1005989
1023840
1007303
6938237
1014915
1006915
1008137
1021044
1006933
1007970
1007822
4925889
1007952
1005877
1006026
1005767
1005970
6966866
1015340
1006840
1011656
1006007
1011600
1007267
5940526
1007841
1011470
1005878
1013359
1006192
6954588
1015100
1008045
1011655
1006859
1010914
1011174
5935137
1008248
1005951
1011599
1006007
1011804
1005859
5949692
1013896
1007119
1014581
1006655
3960844
1007748
1005915
1011452
4971814
1014951
1006785
1007045
1020988
3950900
1014841
1006933
1005767
4970666
1008118
1006026
1008007
1020933
3958251
1009303
1006822
1005952
1005896
3971881
1008359
1014636
5973952
1014952
1006952
1005896
1006415
1006637
6958478
1015099
1011322
1010840
1006415
1007859
1008045
5939451
1009267
1008952
1014007
1020525
1006878
6939755
1007951
1005841
1005674
1006044
1011896
1005896
1005748
4951129
1008284
1011822
1005988
1006229
1006082
6961533
1008470
1014248
1006859
1006970
1013914
1006748
5940174
1014322
1006878
1011729
1006118
3961789
1008267
1006377
1018729
4983814
1027248
1014285
1007655
1009526
3936289
1025914
1007767
1009063
4947500
1009304
1008489
1009267
1007748
3962862
1008118
1016026
1006637
4965426
1014174
1011137
1011007
4965352
1016804
1008063
1005878
1006007
3962844
1016563
1006970
1005970
4967833
1015322
1007100
1005822
1019156
3953214
1016488
1006933
1005897
4970833
1014822
1007137
1005970
4969722
1009341
1012082
1009007
1019358
3950048
1008119
1008081
1008396
4977129
1008415
1014155
1006988
1006119
3963974
1014322
1011304
5970340
1015026
1006970
1005841
1006099
1008210
1007952
5949563
1013673
1006952
1005656
1006007
1011637
6954700
1008359
1008248
1007933
1007378
1007822
1007637
1009655
1007544
3936511
1008322
1014229
1006766
4969555
1015988
1007507
1008007
1022970
3947178
1009451
1012156
5974692
1008859
1012229
1011137
1007304
1011952
6947385
1009359
1006896
1010544
1006841
1005989
1008396
1007933
1006952
3938678
1007729
1007766
1007822
4974500
1009562
1009211
1009174
1020562
3952770
1014562
1006804
1005859
4974037
1008100
1011729
1005951
1006100
3964992
1015636
1007155
1005711
4970463
1008322
1011933
1005859
1006433
3968807
1014599
1008156
5973581
1008452
1011951
1005896
1006137
1014933
1006785
5945785
1007599
1008359
1014303
1007896
1015507
6945625
1008174
1008025
1007785
1007137
1007785
1007655
1015470
1006508
3931956
1009304
1013970
5973877
1007896
1005970
1011655
1005970
1011859
1005803
5949952
1015210
1008433
1011674
1018747
1006136
6939348
1014952
1006804
1005618
1005877
1005933
1011433
1005859
4943241
1014692
1006822
1006007
1007211
3966659
1014229
1006563
1005656
4971666
1010044
1007008
1006544
1007470
1005840
6961570
1008600
1005878
1005877
1007396
1007877
1007730
1007693
4951240
1008600
1014396
1007044
1007137
3962474
1014415
1011377
5977711
1011766
1008397
1009359
1023803
1008248
1009192
5922581
1007600
1011674
1011044
1006137
1005933
1008007
5947192
1014340
1008248
1010747
1005859
1006081
6962755
1011878
1009322
1007581
1037414
1010563
1007637
1007359
4912500
1026210
1007970
1006008
1007230
1006193
6936459
1017507
1007100
1005803
1006600
1006878
1006840
5943507
1009285
1012081
1006248
1007656
1007748
1007767
5949099
1008656
1006822
1009692
1006952
1007674
1007563
5951303
1014433
1008174
1015785
1006285
1007933
6946866
1007618
1011859
1007729
1006989
1007785
1007748
1007470
4942389
1007804
1005859
1013044
1006341
3967214
1008415
1013452
1006581
4970055
1015100
1006970
1005748
1007267
3967252
1014692
1006822
1007063
4970647
1014748
1006933
1008100
4970111
1008044
1008285
1007693
1007359
1007803
6957218
1008137
1014119
1006766
1015600
1006766
1007766
1013359
4927371
1007841
1006026
1005729
1006655
1009267
6962125
1008562
1007933
1007840
1007062
1014248
1006748
5947136
1014414
1008248
1013766
1006470
1007767
1007544
5940674
1013841
1006859
1011562
1006137
1011674
6949144
1008155
1005841
1005841
1019211
1006211
1015415
1007081
4932352
1014063
1006636
1005859
1005767
3967585
1008193
1012211
5977544
1008192
1005915
1005859
1020415
1006766
1014304
5937729
1014433
1006767
1006100
1021655
1007081
6943440
1008378
1008248
1014155
1019248
1006859
1008063
5934563
1007674
1013878
1006822
1006693
1013822
1006674
5943082
1014933
1007137
1007915
1021192
1008174
6940292
1007896
1011692
1007729
1006859
1007711
1007581
1007785
1006767
3936400
1009100
1012267
5976359
1015767
1011488
1007137
1005878
1013470
6945607
1014859
1008303
1009304
1021470
1008007
1007933
1014266
4916092
1014896
1007174
1007989
1020822
3950900
1014414
1011692
5970896
1016359
1006952
1005748
1006526
1008396
1007803
5945951
1007804
1013507
1007840
1019655
1007267
6943533
1008229
1012063
1007970
1007211
1013673
1007748
5942748
1014377
1008044
1010785
1005951
1005840
6953385
1014656
1006859
1005952
1019304
1006304
1011488
5934952
1015007
1006822
1007989
1021193
1006933
1007804
5939359
1010267
1006137
1006100
1005933
1006970
1006748
5952859
1009489
1011915
1006137
1006229
1013507
1006637
5944415
1014896
1008396
1011859
1006599
3957474
1008359
1005729
1005767
1005896
3975603
1008025
1005915
1005655
4977684
1008433
1008192
1013803
1007248
1007692
6953255
1014137
1011100
1006637
1007729
1014155
1006841
5938507
1015304
1006803
1007656
1015044
1006840
6947588
1014359
1006896
1011711
1006637
1011914
1006989
5940729
1008119
1006081
1014081
1006359
1007692
1007692
5949563
1015100
1008433
1009044
1008766
1014266
6944459
1008563
1005933
1011951
1006415
1012063
1010933
5942248
1008267
1005859
1005748
1005988
1011859
1005859
5956729
1008655
1005952
1005896
1005877
1005747
1006951
1009470
4952981
1008896
1014507
1006951
1006970
3961252
1007711
1015933
5973192
1014637
1006970
1008396
1006915
1007822
6954218
1014248
1006859
1011489
1006118
1012007
1005804
1008026
4937889
1007581
1011710
1005934
1006970
3966381
1007914
1005896
1005767
4980222
1015655
1012026
1007914
4961852
1008415
1005877
1013137
1006322
3966271
1008155
1011952
1005896
4972666
1008211
1005933
1008100
1007174
1008063
6961663
1008081
1014025
1006692
1006785
1007489
1007730
1013433
4934907
1014470
1006581
1005804
1005933
3967214
1008248
1008063
1007822
4977537
1007970
1012155
1006193
1007433
3965770
1007988
1014655
5973710
1014637
1006933
1007137
1020914
1007822
6941570
1008230
1011951
1005896
1006044
1013229
1006544
5947229
1009452
1008248
1006044
1005989
1015007
1006914
5949136
1015044
1006989
1007952
1007674
1007896
1007637
5944785
1013840
1006711
1005748
1021915
3953011
1014192
1006748
1005933
4973425
1015007
1008341
1006803
1005878
3961400
1008563
1005914
1006155
4978629
1015711
1011729
1006933
1007156
3960789
1014951
1006841
5974581
1014266
1010730
1006266
1019748
1006155
6941867
1014359
1007174
1008063
1021766
1007100
1008007
1007748
4925871
1014970
1007063
1008063
1014192
3956382
1014359
1006822
1007877
4971944
1007988
1013470
1006748
4970444
1008359
1014619
1011562
1006767
3958992
1007970
1013304
1006618
4970629
1014766
1006970
1006211
4971889
1014914
1008025
1006785
1006156
3963178
1008118
1011692
1006008
4972167
1014396
1006803
1007748
1007026
3965270
1008340
1014377
5974137
1014285
1011155
1010951
1018877
1006711
6937348
1014229
1006896
1005803
1006230
1011896
1005748
1005896
4945778
1008081
1005970
1005970
4979999
1008470
1012063
1006248
1007767
1008007
6954106
1015396
1008174
1007785
1006840
1014026
1006841
5943525
1020044
1007563
1005970
1006785
1008693
1008063
5938840
1008082
1005896
1005914
1006655
1007229
1006785
1005951
4953148
1008137
1008507
1008025
1007193
3968826
1007655
1013359
1006655
4972944
1008118
1011877
1005970
1005971
3964585
1016748
6980977
1009563
1009451
1008877
1006988
1014174
1006544
1007563
4939574
1014618
1011451
1006952
1014970
3950659
1009433
1014914
1009285
4963740
1007933
1007952
1008192
1015729
3961122
1014451
1006914
1008007
4971370
1013785
1008174
1008118
4968741
1008026
1011489
1005914
1006137
1011877
6953459
1025341
1011655
1009026
1043395
1009692
1010100
5924359
1054044
1013452
1007878
1008378
1008026
1008229
5863694
1007896
1007674
1007673
1020211
1008285
6947218
1015267
1006951
1009304
1021489
1008211
1009229
1007951
4921167
1016822
1007544
1008989
1022174
3946474
1007859
1007896
5980970
1007896
1005822
1005822
1006044
1013359
1006544
5951878
1008563
1005914
1005656
1007692
1009007
1013878
5948600
1014674
1006730
1005989
1023470
1007081
6941755
1009193
1011563
1009192
1019766
1007007
1008193
1014211
4920815
1008155
1007952
1013877
1006378
3964529
1009266
1006785
1006655
4974370
1008266
1006304
1008229
1007044
1008378
6962292
1014581
1008173
1011766
1006673
1006859
1005951
1007989
4939222
1008007
1006045
1005822
1005803
3971585
1015285
1011470
5971322
1007951
1006118
1008878
1007507
1014155
1006804
5947377
1007840
1011636
1007100
1022193
1008173
6943181
1007804
1011988
1005785
1005785
1013470
1008452
1007841
4938370
1013044
1009803
1007822
1007600
3963937
1008934
1007915
1008341
1006896
3967733
1014433
6982718
1017026
1007063
1006045
1019748
1006433
1011452
1005896
4925055
1014378
1006748
1011692
1006025
3961271
1008544
1005970
5984229
1008304
1008618
1007970
1007247
1007933
1008248
5951044
1008173
1007933
1013600
1006304
1007692
1007563
5946470
1007618
1005822
1006026
1023396
1007155
1007878
5941729
1007710
1011784
1005822
1006119
1013340
6954088
1015192
1006747
1007099
1006285
1012007
1006748
1005952
4939944
1007747
1008173
1007840
1020989
3956437
1014396
1006822
1005785
4972610
1014840
1007026
1005822
1005896
3964233
1008081
1005970
1011563
4973518
1014859
1008044
1006822
1006044
3965252
1008082
1008081
1007915
4976481
1008211
1011822
1010803
1006285
3962381
1008174
1005989
1005896
4976481
1014618
1006952
1011711
1006063
3960936
1014655
1008322
1006693
4968889
1007951
1012100
1005933
1006007
3969603
1008433
1011840
5976248
1014692
1011174
1011229
1006562
1007952
6947903
1007600
1005971
1005748
1022155
1010341
1009415
1010248
1010803
3940530
1025118
1017784
5943008
1022303
1007914
1007859
1006544
1007433
6938681
1022766
1007859
1005877
1007396
1007933
1013840
5931877
1008081
1006118
1006192
1007915
1009359
1009026
1008952
4946852
1008489
1005859
1005878
1005970
3970585
1016600
1007081
1005859
4969333
1016081
1006877
1005785
1020377
3952326
1015840
1006915
1006026
4971666
1014674
1008136
1006785
1006785
3960529
1008230
1014248
5975914
1008044
1005971
1008378
1015767
1011470
1009507
5940563
1007674
1014562
1006730
1007026
1013674
6954459
1020284
1007359
1007062
1008989
1009156
1009062
1014378
4918944
1009082
1007785
1007785
1006433
3969492
1007933
1005971
1006970
4977537
1008970
1006100
1008267
1007304
1007785
6959385
1014341
1006729
1011655
1006285
1011933
1006877
1006693
4934686
1008285
1006081
1015933
1006896
3976159
1010303
1006322
1009933
4962037
1016507
1007174
1008174
1016637
3952974
1007970
1011896
1005896
4969093
1017007
1008100
1011803
4962370
1009229
1012322
1006081
1005877
1007433
6960107
1017822
1008526
1015951
1008637
1007859
1007804
5930174
1014396
1006729
1011581
1006044
1008211
6952441
1007970
1007507
1005989
1019914
1006378
1015914
1011526
4924574
1016822
1007044
1007971
4970240
1009285
1006248
1005988
1018952
1006266
6949089
1014896
1006933
1011618
1005971
1005803
1008396
5945637
1007655
1006155
1007822
1006100
1011785
1005988
5952784
1015896
1007044
1008322
1022470
1008081
6938310
1008248
1014507
1006748
1007174
1008155
1007767
1007600
4941852
1014341
1007933
1013803
4960481
1008026
1005989
1005878
1006229
1013396
6959570
1018230
1008303
1006933
1006878
1005896
1005896
1008137
4938870
1007600
1005952
1005952
1023563
3957918
1014155
1008211
1009322
4966759
1008045
1011544
1005896
1005914
1006007
6960737
1015303
1006896
1009174
1007452
1006952
1013748
5939730
1014488
1006748
1005785
1019136
1006248
6946885
1014840
1008063
1011136
1006137
1008359
1008044
1008396
4936852
1014525
1006971
1013803
1006470
3958308
1009563
1006785
1005914
4974574
1014914
1011526
1006859
1006137
3969344
1018729
1007433
5964044
1017026
1006748
1008118
1023285
1006877
1008266
5927970
1008248
1014026
1008174
1007285
1013970
6947607
1014378
1006915
1008081
1023229
1006951
1007841
5931933
1014451
1011451
1007841
1007137
1008970
6949348
1007803
1011582
1005933
1007136
1014303
1006656
1008859
4940426
1009507
1013359
1011711
1006229
3957122
1008025
1005971
5983210
1014952
1006952
1005877
1020155
1007915
6943515
1008063
1013396
1006656
1021210
1006933
1007729
1013582
4922260
1014137
1007989
1009396
1007359
3962399
1014340
1008100
1007711
4967222
1014174
1006877
1011433
1005988
3961993
1008044
1005915
1005767
4979221
1014711
1006711
1005859
1007137
3965918
1009415
1011841
1006915
4969759
1008137
1005896
1011674
1005933
3969177
1008415
1011896
1006118
4973185
1015377
1006729
1008266
1022433
3948196
1014507
1006822
1008192
4970389
1008026
1011637
1009451
1007377
3960270
1007970
1005989
5984599
1014970
1006840
1005933
1006008
1005914
1005915
5953415
1015396
1007026
1005896
1006044
1008137
1013711
5943321
1014322
1006785
1005729
1006155
1014433
6952163
1008137
1005859
1005896
1005803
1008526
1008100
1008081
4952055
1009452
1009137
1013933
1007488
3959326
1007433
1007989
1013840
4967519
1007729
1005933
1006285
1009470
3974030
1017821
1011563
5965155
1015840
1006822
1008303
1014933
1008007
1007656
5937748
1014118
1006804
1005914
1007322
1007878
6957403
1008563
1008118
1008118
1007396
1008007
1013970
1006970
4938334
1008415
1008081
1008137
1006896
1008118
6959107
1008193
1007951
1013952
1006804
1013970
1007878
5940525
1008488
1007933
1005951
1006840
1005952
1013322
5950489
1008971
1006599
1006618
1006970
1005970
1005748
5957859
1008248
1005878
1005951
1006099
1011859
6963273
1016136
1007082
1008082
1023303
1008007
1007804
1007729
4920482
1007859
1005878
1005933
1006026
1013396
6958977
1015896
1007229
1008193
1014192
1008285
1007730
1007785
4930963
1013896
1007821
1014784
4962426
1007915
1006063
1007896
1021044
1008396
6947440
1014229
1006915
1011784
1006025
1011970
1006748
5941156
1008248
1011748
1005841
1005933
1013359
6954255
1014970
1007859
1005896
1005914
1012007
1005915
1011359
4935852
1015062
1006840
1006062
4974296
1014803
1008322
1006803
1007099
1007748
6951626
1007526
1006026
1005878
1020526
1006636
1005840
1008192
4939130
1014581
1006878
1005970
4974574
1014896
1006914
1005896
1018636
3951900
1014711
1008118
1006803
4967666
1008248
1006044
1008192
1006934
3972825
1014174
1006767
1007878
4971277
1009155
1005785
1007118
1005915
3970770
1015396
1011637
1006785
4963556
1014877
1006989
1014304
4966092
1014785
1006766
1005952
1006119
3964974
1008359
1011970
5978118
1009433
1006803
1007692
1007137
1007970
1007581
1007544
4946500
1008008
1014729
1006952
1007044
3962992
1014248
1008156
5974285
1008026
1013526
1006674
1019285
1006174
6944774
1009507
1012099
1006859
1013044
1006082
1008340
5950248
1011582
1020118
1009914
1010414
1009137
1010174
5935674
1023044
1011119
1010933
1007563
3933715
1009285
1006008
1005877
1006340
3976492
1017747
1011526
5964414
1008989
1006044
1005971
1005988
1005989
1005840
5959174
1008637
1011952
1007062
1006396
1006618
1007896
5951193
1008136
1011951
1007896
1006081
1013414
1006748
5944822
1014507
1008026
1014988
1006618
3957585
1008599
1008378
1013877
4967315
1007859
1006118
1015099
1006841
3965992
1008155
1006100
1011545
4970777
1014729
1006914
1005970
1021155
3952271
1015156
1008266
1009137
4965425
1007711
1006026
1007878
1015248
3964214
1014322
1006692
1006044
4975240
1015173
1006767
1005711
1022507
3946566
1014619
1006822
1008285
4970685
1008137
1013489
1007803
4969463
1015025
1006933
1005970
1021581
3949066
1014303
1006859
1005803
4971222
1015192
1006766
1005803
1005970
3966029
1008378
1005971
1007952
4979851
1008026
1011914
1006082
1007637
1009359
6952792
1007803
1005896
1005952
1007304
1014767
1007007
5950303
1014655
1011248
1007971
1020581
1006933
6938366
1007878
1014544
1011526
1006507
1014229
1006766
1005989
4934686
1014544
1006674
1005840
4971610
1014637
1006859
1006007
1020007
3951734
1015063
1008230
1011859
4961926
1008266
1005915
1005785
1005952
3974436
1008081
1011989
1007785
4971759
1013193
1011470
1007044
1014599
3954381
1014970
1006822
1007896
4970999
1008359
1014656
1011915
4961278
1008155
1013303
1006655
1019229
3953659
1014767
1006822
1006137
4973388
1009526
1012062
1005748
1007137
3963899
1008193
1012211
5976785
1009044
1005952
1011637
1006637
1012396
1007081
5947822
1007878
1008007
1013877
1006267
1007840
1007729
5946285
1014748
1008322
1014119
1006544
1010192
6947273
1015637
1006933
1007915
1022655
1007174
1007952
5930841
1014841
1007340
1008025
1020859
1006748
1007822
5931896
1007878
1013952
1006748
1007062
1013933
6949200
1014266
1006915
1005914
1005804
1006007
1005748
1005656
4951203
1008581
1011952
1007285
1006433
3974807
1014100
1008896
1015711
4968111
1028674
1015637
1007359
1014915
3919085
1018896
1006840
1005730
4963925
1008415
1005915
1005988
1023933
3954900
1016840
1007044
1007748
4976259
1008174
1016378
1011748
4956389
1007933
1013488
1006414
1019451
3951993
1016766
1008581
1005803
4966647
1008266
1006211
1005859
1005952
1008359
6964181
1009155
1009507
1014396
1006026
1007581
1007507
1007619
4940611
1014229
1006822
1008211
1013878
3955307
1009192
1009062
1008896
4970555
1008377
1007748
1007618
1006934
1009396
6960089
1007989
1013989
1011045
1008062
1008804
1007766
1007692
4933259
1007766
1005914
1011378
1019378
3956252
1008118
1007285
1008970
4972907
1008396
1006452
1005785
1019229
1006359
6953552
1007655
1005877
1011674
1006396
1012045
1006970
5948322
1007822
1011915
1005896
1006896
1014211
1006804
5945192
1014081
1007896
1011100
1006081
1008396
6953884
1016656
1006822
1007729
1022933
1006859
1007600
5930804
1014599
1011414
1006674
1006118
1013378
6945273
1015581
1006878
1011637
1006026
1005785
1006804
1009433
4937611
1014433
1006748
1011452
1005970
3961141
1008266
1011878
5977896
1008433
1008230
1007840
1021451
1006915
1007803
5939248
1007656
1014063
1006785
1007026
1014062
6949403
1008545
1013970
1007970
1006822
1013841
1006970
5941359
1014211
1006822
1014377
1007563
1014174
6941885
1008025
1008656
1013804
1006526
1013952
1007026
1007951
4936537
1009137
1011896
1005951
1006748
3966103
1008451
1011915
1005748
4971332
1015711
1011655
1006971
1006285
3960141
1015358
1006933
5974062
1014359
1006934
1005618
1007118
1014155
6951107
1014100
1006822
1008266
1021266
1006896
1007896
1007822
4926908
1007933
1005933
1007952
1006915
1008044
6961552
1008489
1008007
1007989
1007063
1007933
1008304
1008136
4946703
1008081
1013915
1009377
1006896
3959789
1007971
1013452
1006785
4972185
1008655
1011748
1005914
1006266
3965288
1015674
1012414
5969730
1008137
1006025
1011767
1006063
1014840
1007100
5945415
1014470
1008211
1011044
1006045
1005988
6953792
1014526
1007933
1005989
1007026
1008100
1008026
1007785
1006878
3934586
1008025
1008026
1008007
4974166
1014525
1007063
1013748
1006192
3960382
1008988
1013082
5974285
1015026
1006841
1005785
1005859
1005952
1005748
5953563
1014525
1008174
1011804
1006618
1014544
6943607
1008025
1008229
1013915
1007470
1013748
1006545
1005951
4936925
1009155
1007897
1007877
1022896
1008026
6944015
1014822
1006970
1013784
1006562
1014192
6941089
1007897
1013136
1006545
1019081
1006210
1005822
1011507
4929667
1015359
1006859
1006081
1007359
3965122
1007785
1013192
1006470
4973481
1014896
1006822
1005730
1006081
3963419
1014711
1008100
5975840
1008156
1011822
1005915
1005988
1008174
1014081
5944637
1009711
1009285
1009211
1008304
1007655
1007711
5947822
1014322
1011304
1006692
1006082
1014526
6946515
1013563
1008044
1008211
1021470
1007100
1007859
5933081
1015044
1006804
1008007
1021100
1006988
6940662
1008026
1007933
1007878
1020378
1006915
1013674
1006748
4928926
1014118
1006730
1005804
1006322
1006544
6958459
1014822
1006878
1006026
1020766
1006859
1011470
5932656
1014933
1008100
1006841
1006174
1007988
1008099
5946952
1007970
1014359
1006952
1006730
1014248
6949422
1014859
1007359
1007896
1021358
1007155
1008099
5932841
1007785
1005896
1005933
1017599
1007099
1008859
5946933
1008193
1005951
1005988
1007285
1006248
1008063
5955859
1014137
1011100
1007877
1019618
1007248
6939107
1008211
1013748
1006581
1006137
1013414
1010859
5940285
1014914
1009785
1005970
1024859
1006341
6939459
1009562
1011878
1006025
1006359
1011952
1006118
5945451
1016433
1006970
1005915
1020229
1006211
6943292
1016100
1007192
1008341
1020656
1009414
1009156
1008785
4922426
1007785
1011804
1005840
1005988
3968474
1014544
1006766
5974452
1015970
1006915
1008044
1020970
1007044
6940608
1014396
1011211
1010859
1006248
1011785
1005970
5938044
1015230
1007118
1014396
1011507
1007026
6944514
1014193
1011452
1007877
1021025
1008433
1008970
5927619
1014600
1007100
1008007
1021063
1006951
6941052
1008859
1005989
1005729
1020081
1006655
1005711
1005840
4942871
1014896
1007044
1006063
1018841
3952233
1014951
1008359
1005896
4970129
1008618
1005859
1005970
1006322
1008266
6963385
1009285
1006711
1006563
1007303
1008007
1008322
1007822
4944629
1010507
1008507
1008785
1022025
3953215
1017192
1008063
1009489
4962333
1008063
1008507
1013915
1006414
3963863
1007915
1013266
1006414
4970851
1016044
1007063
1007915
4969351
1007748
1013507
1006526
1018803
3951900
1014692
1008193
1006822
4968000
1008341
1006007
1005822
1022859
3957789
1014674
1006692
1005915
4973444
1009600
1012377
1006730
1019211
3950955
1014582
1006766
5976229
1015340
1006878
1008600
1022581
1008193
6939015
1008618
1014304
1006859
1007322
1013840
1008044
1007822
4931592
1014377
1008119
1011748
1005803
3959993
1008155
1005951
1005730
4978648
1014692
1006878
1005859
1015933
3957641
1014359
1006729
1005989
4973759
1008322
1011859
1006063
1006156
3984492
1013952
1017267
5967155
1022267
1008637
1017007
1007526
1006045
6921533
1014434
1009340
1006711
1016248
1007118
1005785
1011433
4927278
1017248
1007082
1008711
4967499
1007971
1007025
1006729
1016989
1008322
6948922
1008248
1008600
1007988
1007082
1007692
1007711
1008914
4947166
1009544
1008081
1007544
1007211
1013952
6948273
1007822
1005988
1011563
1005878
1005970
1005896
5955785
1016137
1007155
1005767
1006044
1008081
1013896
5942377
1007915
1008118
1007859
1007471
1008933
1008878
5949729
1007748
1005655
1005767
1006970
1006118
1007841
5959508
1009266
1008970
1008934
1020803
1007025
1007785
5936415
1014674
1011470
1006803
1006247
1013192
6946570
1015489
1006952
1006007
1006100
1006100
1008193
1013970
4937167
1014470
1006692
1008137
4973204
1013822
1011933
1006841
1005896
3958696
1015044
1007303
1005915
4970240
1008359
1012211
1009266
1006304
3963455
1008193
1008137
1008155
4977759
1007748
1011767
1005859
1006045
3965863
1014673
1008174
1011211
4964592
1008137
1007878
1007600
1016359
3962937
1015118
1007137
1005970
4971926
1008285
1011841
1005878
1006045
3965844
1015118
1006785
5974711
1014822
1008507
1011674
1007007
1006044
1006045
5944840
1008137
1011730
1005933
1007267
1014285
6952181
1013618
1006747
1005914
1021748
1007118
1007618
1013581
4923574
1014173
1006655
1005878
1007266
3967067
1007822
1014581
5974803
1014692
1006897
1005785
1007118
1007840
1007582
5949155
1014062
1006656
1005803
1006118
1013266
1006526
5946619
1014544
1006730
1005859
1021914
1006896
6943996
1007822
1011785
1006063
1007229
1013822
1006674
5945062
1014341
1007026
1007915
1020748
1008230
1008896
5932211
1007619
1005766
1005785
1018692
1006230
6954774
1014562
1009489
1014544
1007877
1007618
1007507
1013563
4924630
1014229
1006674
1005915
4975147
1014952
1007970
1006822
1006415
1006526
6953681
1007859
1012044
1005785
1005896
1013321
1006507
5947581
1014674
1006878
1011470
1006044
1011803
6966089
1015137
1011544
1010526
1025248
1010878
1010155
1010563
1014822
3878586
1008340
1008470
5978525
1008229
1013915
1007988
1006934
1008100
1007452
5945303
1007656
1005951
1005840
1007581
1007970
1007748
1007730
4951500
1008211
1012304
1005674
1006322
3964067
1008397
1005822
1008433
4976444
1014914
1006859
1014563
4966167
1014211
1007951
1006711
1005859
1005859
6954996
1015025
1007008
1008174
1020877
1007025
1013655
5927970
1014785
1006915
1007915
1020933
1008711
6939978
1014155
1011192
1006822
1021581
1007193
1008100
5930211
1007896
1007877
1007878
1020581
1007989
1007618
5939618
1014599
1006970
1007063
1020488
1007840
6941756
1008230
1014303
1006841
1006730
1013914
1006785
5942655
1007822
1005951
1005896
1005952
1005877
1005711
5961489
1008174
1005785
1005840
1019211
1006340
6955015
1014433
1006860
1007785
1006970
1013637
1006785
5942304
1007748
1014637
1008174
1006989
1014007
1007804
5941248
1008877
1014026
1006859
1007044
3964215
1008156
1011766
1005914
4972777
1016433
1011804
1010970
1006562
3952826
1008952
1013711
5975248
1015341
1008248
1006878
1006378
1006674
1005859
5949766
1014544
1006803
1005952
1019303
1006248
6946441
1009230
1006007
1006025
1021693
1007155
1007970
1007822
4936575
1008359
1009933
1006285
1025174
3951697
1015489
1008396
1008655
4964593
1008414
1014044
1006896
1006748
3963992
1008267
1011803
5975932
1008859
1005896
1005841
1006378
1013785
1006841
5951415
1015989
1007155
1008136
1022044
1008396
6938014
1008026
1007970
1008118
1006785
1008618
1007859
1007933
4957018
1012359
1009544
1009211
1008952
3950270
1008341
1016470
1008525
4962907
1007951
1006007
1008582
1006915
1007822
6960792
1007878
1006081
1011452
1005970
1009341
1005933
1008451
4945296
1007988
1007062
1013192
1006618
3964622
1008581
1011859
5984617
1011045
1005896
1009563
1007470
1007785
1007840
5945859
1008581
1012026
1007896
1007526
1007636
1007915
5945785
1007878
1006007
1005822
1006360
1012081
6964607
1026229
1011303
1008211
1008063
1014303
1006581
5921545
1009433
1007267
1014933
1006618
1007618
6951496
1007915
1005896
1011433
1005952
1011804
1005915
1005767
4946981
1016655
1006767
1005878
1005896
3656218
1012526
1013692
1021266
1096210
1057451
1025248
1756443
1010767
1011359
1010082
1009785
1018748
1009563
1109506
1009396
1220968
1014433
1010062
1215412
1081951
1081525
1188746
1038655
1189283
1081877
1106543
1081987
1029266
1009322
1363040
1009693
1009508
1009377
1142228
1009433
1012637
1009730
1194487
1040081
1040025
1056266
1005785
1040525
1005618
1005544
1006229
1004933
1042285
1005748
1005007
1004655
1004489
1004804
1004599
1004489
1004563
1005007
1004488
1004489
1004581
1012192
1004748
1004674
1004581
1007785
1005951
1006174
1005822
1006100
1006247
1005767
1005674
1005896
1005952
1005840
1005822
1006008
1005711
1005970
1005655
1006026
1005859
1009137
1005859
1005952
1006008
1005785
1005971
1006119
1005748
1006581
1006396
1006785
1005767
1005822
1005896
1005989
1005896
1005785
1005692
1006044
1005878
1005859
1005822
1006119
1005822
1005822
1005840
1006137
1005785
1005692
1005822
1006062
1006619
1006452
1006322
1006970
1005785
1006322
1005748
1005989
1005840
1005878
1005692
1006118
1005896
1005840
1005692
1006026
1005711
1005878
1005748
1006247
1005859
1005877
1005896
1006025
1006396
1006581
1006489
1013859
1005915
1005840
1005878
1006007
1005952
1009007
1005822
1006100
1005822
1005693
1005729
1005877
1005841
1005859
1005877
1006063
1005804
1005840
1005711
1007989
1005915
1006322
1006563
1009489
1005878
1005785
1005822
1010452
1005914
1005933
1007100
1005933
1005748
1005952
1006600
1005840
1005859
1005840
1006415
1006008
1005859
1005767
1006359
1006674
1006525
1006452
1007044
1005878
1005804
1005730
1006526
1005952
1005766
1005803
1006526
1005748
1005803
1005914
1006118
1005896
1005804
1005748
1006082
1005767
1005878
1005785
1005785
1006063
1006007
1005822
1006211
1005322
1005285
1005304
1006025
1005859
1005692
1005841
1005896
1005804
1005730
1005730
1006026
1005729
1005655
1005822
1005914
1005896
1005729
1005766
1005952
1006489
1006451
1006581
1005767
1005841
1005748
1005822
1006025
1005729
1005822
1005804
1005989
1005729
1005711
1005600
1006081
1005729
1005896
1005822
1006119
1005767
1005692
1005859
1006100
1006525
1006341
1006285
1005914
1005803
1005822
1005952
1006007
1005785
1005748
1005747
1006081
1005784
1005841
1005803
1005896
1005840
1005933
1005988
1005914
1005840
1005859
1006285
1006618
1006415
1006285
1005656
1006045
1005859
1005804
1005637
1005914
1005896
1005766
1005822
1006063
1005729
1005693
1005767
1006025
1005840
1005878
1005729
1006063
1005767
1005729
1005766
1005897
1006359
1006451
1005562
1006618
1005933
1005785
1005674
1006081
1005859
1005748
1005767
1007284
1005785
1005693
1006748
1006137
1005767
1005878
1005766
1006248
1005970
1006526
1006489
1005581
1006248
1005433
1005359
1009804
1005377
1005267
1009656
1005508
1005267
1005267
1006285
1005452
1005359
1005360
1006211
1005303
1005341
1005378
1006192
1005452
1005230
1006025
1006952
1006062
1005859
1005229
1005933
1005933
1005859
1005822
1006137
1005859
1005785
1005804
1006210
1005841
1005767
1005785
1006137
1005933
1005748
1005841
1006063
1005767
1005748
1006489
1006748
1006359
1005730
1005859
1006099
1005841
1005693
1005822
1006082
1005655
1005785
1005841
1005878
1005914
1005767
1005729
1006026
1005896
1007803
1006656
1006656
1005896
1006545
1006581
1005988
1006507
1005933
1005933
1006192
1007767
1005766
1005933
1006248
1006044
1005711
1005877
1006082
1005822
1005692
1005729
1006137
1005748
1005656
1005711
1006026
1005896
1006452
1006619
1006804
1005859
1005878
1005785
1006026
1005822
1005914
1005822
1006062
1005841
1005619
1005748
1005859
1005822
1005711
1005822
1006026
1005785
1005803
1005859
1006081
1006545
1006396
1006414
1006581
1005711
1005637
1005767
1006156
1005989
1005767
1005877
1007470
1005822
1005748
1005840
1006007
1005822
1005840
1005767
1006025
1005952
1005840
1005859
1014155
1006489
1006470
1006377
1007025
1005896
1005952
1005840
1005951
1005877
1005840
1005822
1006025
1005803
1005785
1005822
1006082
1005859
1005730
1005841
1006063
1005822
1005748
1005729
1006711
1006545
1006544
1006397
1005859
1005693
1005767
1006452
1005952
1005729
1005729
1006581
1005896
1005785
1007266
1008581
1009526
1005933
1005785
1006452
1006007
1005785
1005840
1006452
1006711
1005896
1006470
1006878
1005340
1005378
1005322
1005693
1005322
1005285
1005267
1005674
1005396
1005377
1005322
1005525
1009118
1005341
1005341
1006156
1005952
1005859
1005840
1006100
1006471
1006378
1006619
1006600
1005766
1005804
1005822
1006137
1005840
1005766
1005822
1006081
1005767
1005803
1005896
1006081
1005822
1005915
1005878
1005914
1005785
1005766
1005766
1006692
1005748
1006378
1006600
1005803
1005748
1005840
1005674
1005971
1005878
1005859
1005915
1006007
1005914
1005655
1005785
1005971
1005859
1005859
1005692
1006118
1005692
1005729
1005637
1006099
1006526
1006359
1006359
1005877
1005729
1005878
1005822
1005933
1008970
1005692
1005915
1005989
1005785
1005766
1005859
1006045
1005841
1005693
1013007
1010007
1008748
1008748
1008544
1009618
1009415
1009322
1008396
1009082
1008748
1010933
1006470
1006285
1005915
1005730
1005785
1006341
1005878
1005637
1005711
1005045
1006007
1005784
1005877
1007729
1005933
1005822
1006525
1006526
1006655
1006266
1005674
1006082
1005934
1005877
1005766
1005248
1005692
1005896
1005785
1010822
1005804
1005840
1005692
1006137
1005785
1005748
1006470
1005748
1005785
1005674
1007118
1006526
1008896
1006471
1006470
1005766
1005878
1005748
1005563
1005877
1005655
1005748
1006452
1005877
1005711
1005748
1006470
1005841
1005822
1005914
1006433
1005767
1005841
1005896
1006803
1006507
1006359
1006396
1005896
1005748
1005841
1005766
1005971
1005804
1005804
1005785
1006118
1005840
1005785
1005748
1005970
1005914
1008989
1005840
1006026
1005729
1005767
1005822
1006081
1006507
1006396
1005674
1005914
1005822
1005600
1005822
1006007
1005803
1005748
1005636
1006526
1005989
1005785
1005674
1006174
1005952
1005692
1005822
1006266
1005804
1005785
1006545
1006489
1006063
1005247
1005137
1005581
1005304
1005340
1005340
1006100
1005933
1005804
1005803
1006044
1005822
1005803
1005674
1006007
1005840
1005711
1005766
1006081
1005896
1006414
1006303
1006674
1006322
1005711
1005581
1006025
1005767
1005877
1005804
1006100
1005711
1005896
1005877
1005933
1005951
1005785
1005656
1006044
1005785
1005933
1005692
1005970
1005803
1006507
1006471
1006730
1005619
1005711
1005896
1006118
1005785
1005933
1005840
1005971
1005877
1005785
1005878
1006082
1005859
1005748
1005729
1006026
1005896
1008970
1005674
1006155
1006488
1006451
1006377
1006174
1005711
1005747
1005804
1008804
1005951
1005822
1005711
1006822
1006063
1005804
1005767
1013266
1005804
1005933
1006581
1005915
1005711
1005822
1006451
1005915
1006415
1006360
1006581
1006507
1005711
1005822
1006507
1005896
1005692
1005729
1006396
1005971
1005878
1005693
1006471
1005988
1005748
1005730
1005988
1005785
1005692
1005767
1006026
1005877
1006562
1006489
1006656
1006322
1005785
1009155
1005896
1005785
1005785
1005803
1006026
1005971
1005767
1005711
1006119
1005840
1005711
1005767
1006062
1005656
1005804
1005822
1006118
1005785
1006433
1006359
1006637
1005748
1005766
1005748
1005952
1005822
1005859
1005803
1006081
1005729
1005933
1005804
1005989
1005840
1005878
1005804
1005989
1005915
1005785
1005822
1006026
1006359
1006377
1006322
1006637
1005729
1005766
1005804
1006007
1005804
1005822
1006137
1006211
1006008
1005877
1005600
1006063
1005896
1005933
1005785
1006044
1005803
1005822
1005989
1006248
1006525
1006470
1006507
1006025
1005970
1005766
1005915
1005433
1005452
1005285
1005377
1005619
1005322
1005304
1005248
1005544
1005285
1005267
1005211
1005563
1005304
1005248
1005155
1006044
1006544
1008230
1007174
1006211
1005748
1005804
1008970
1005952
1005878
1005803
1005711
1004897
1005340
1005378
1005229
1005711
1005285
1005341
1005230
1006119
1005952
1005803
1006340
1013507
1006766
1006433
1005766
1005988
1006008
1005859
1005822
1006007
1005637
1005748
1005766
1006137
1005841
1005804
1006563
1005785
1005748
1005803
1006415
1005767
1005748
1005748
1007230
1006452
1006322
1006397
1005859
1005822
1005822
1005618
1006433
1005748
1005767
1005637
1006340
1005822
1005692
1005822
1006433
1005730
1005841
1005693
1005915
1005692
1005896
1005730
1006711
1006470
1006303
1006322
1005804
1005785
1005766
1005563
1005896
1005711
1005673
1005692
1005988
1005822
1005840
1005748
1006026
1005729
1006044
1009859
1008044
1008026
1008137
1008508
1010044
1008303
1008581
1006693
1008063
1011674
1008896
1005748
1006859
1005933
1005748
1005748
1005970
1005915
1005785
1005840
1007970
1005822
1005581
1005618
1006100
1005822
1005729
1005581
1006785
1006452
1005655
1005730
1006100
1005711
1005822
1005729
1005989
1005730
1005674
1005822
1005896
1005655
1005600
1005785
1005933
1005840
1005729
1005785
1005951
1005729
1006304
1006414
1014655
1006544
1005674
1005673
1005896
1005933
1005599
1005748
1006007
1005785
1005785
1005674
1005915
1005711
1005748
1005637
1005915
1005674
1005803
1005674
1005989
1005767
1006415
1006471
1014803
1006488
1005674
1005766
1005878
1005711
1005581
1006211
1006767
1005730
1005748
1005655
1006044
1005803
1005692
1005822
1009748
1006155
1005767
1005766
1007452
1005859
1006452
1006433
1012507
1005378
1005248
1013878
1005378
1005229
1005229
1006229
1009063
1005396
1005174
1006026
1005322
1005266
1005247
1006118
1005229
1005285
1005248
1006155
1005359
1005230
1006007
1006933
1006044
1005174
1005211
1005303
1005267
1005304
1005248
1006100
1009100
1005766
1005859
1006007
1005748
1005785
1005822
1005951
1009026
1005840
1005711
1006155
1005803
1006378
1006341
1006045
1006433
1005729
1005637
1005970
1005674
1005748
1005767
1005933
1005767
1005748
1005674
1006100
1005785
1005747
1005785
1006026
1005859
1005766
1005619
1005989
1005767
1005693
1005711
1006544
1005618
1005766
1005674
1006081
1005767
1005711
1005692
1005970
1005785
1005785
1005656
1006044
1005600
1005730
1005636
1006026
1005859
1005747
1005785
1005970
1006322
1006396
1006322
1006545
1005841
1005711
1005711
1005989
1005767
1005656
1005600
1005785
1005897
1005766
1005711
1005859
1005785
1005674
1005711
1005877
1005618
1005785
1005656
1006637
1006489
1006378
1006322
1005766
1005729
1005655
1005729
1005952
1005804
1005600
1005692
1006044
1005804
1005599
1005711
1006026
1008063
1006211
1005822
1006304
1009155
1005766
1005692
1006007
1006341
1006377
1006748
1006045
1005711
1005785
1005859
1006378
1005804
1005822
1005822
1006025
1005785
1005767
1005767
1007267
1005748
1005785
1005803
1011618
1005859
1005859
1005767
1013525
1006525
1006359
1007026
1005766
1005729
1005767
1006359
1005767
1005748
1005785
1006544
1005822
1005748
1005544
1006507
1005729
1005748
1005804
1005508
1005396
1005359
1005099
1005489
1005915
1006081
1005785
1005396
1005396
1009007
1005230
1005526
1005266
1005211
1005118
1005470
1005248
1005137
1005156
1005415
1005155
1005266
1005266
1005951
1005860
1005748
1005822
1006081
1006396
1006396
1006248
1005730
1005841
1005655
1005766
1005989
1005693
1005582
1005730
1005971
1005859
1005674
1005766
1006045
1005748
1005692
1005730
1005989
1005711
1005803
1005822
1005859
1006489
1006359
1005711
1005951
1005878
1005711
1005656
1006044
1005859
1005767
1005692
1005989
1005748
1005711
1005803
1005970
1005785
1005711
1005692
1005952
1005674
1008915
1006377
1006044
1006507
1006340
1005692
1005952
1005952
1005637
1005747
1005970
1005859
1005637
1005655
1005952
1005730
1005655
1005748
1005970
1005711
1005693
1005674
1006025
1005841
1005766
1005618
1006026
1006322
1005674
1005730
1005952
1005859
1005637
1005822
1005896
1005859
1005767
1005822
1005914
1005785
1005804
1005692
1006081
1005693
1005859
1005711
1005915
1005897
1006304
1006229
1006618
1006582
1005637
1005692
1006007
1005729
1005729
1005711
1005989
1005803
1005822
1005766
1004415
1005841
1005748
1005785
1005044
1005804
1005841
1005562
1009637
1005841
1006229
1007377
1006396
1005600
1005692
1006322
1005766
1005637
1005655
1006303
1005692
1005655
1005674
1005489
1005544
1005655
1005562
1006359
1005951
1005729
1005674
1006433
1005840
1005785
1005582
1007193
1006452
1005693
1005693
1006007
1005840
1005599
1005674
1005877
1005896
1005637
1005766
1006044
1005785
1005729
1005730
1006007
1005747
1005618
1005859
1006007
1005748
1006359
1006452
1006636
1006433
1005766
1005693
1005971
1005637
1005655
1005766
1005915
1005693
1005656
1005767
1006174
1005896
1005748
1008822
1005526
1005156
1005248
1005211
1005544
1005303
1005748
1005803
1006100
1005136
1005081
1005137
1005933
1005785
1005693
1005692
1005933
1005748
1005711
1005711
1006007
1005766
1005748
1005748
1005988
1005803
1005693
1005729
1005951
1006600
1006248
1006452
1006655
1005637
1005711
1005693
1005989
1005618
1005581
1005729
1005896
1005748
1005600
1005637
1005877
1005655
1005655
1005785
1006026
1005674
1005822
1005674
1006045
1006415
1006229
1006322
1005785
1005692
1005693
1005656
1006008
1005767
1005896
1005692
1006007
1005748
1005655
1005711
1006062
1005693
1005729
1005655
1006100
1005822
1005785
1005711
1005989
1006359
1006341
1006229
1004785
1005637
1005710
1005804
1005915
1005878
1005636
1005711
1006026
1005692
1005766
1005730
1004211
1005785
1005637
1005637
1005082
1005785
1005896
1006173
1009748
1006655
1006323
1006544
1005841
1005729
1005711
1005581
1005729
1005674
1005656
1014933
1005822
1005692
1005748
1006193
1005952
1005822
1005877
1006637
1005748
1005637
1005729
1007119
1006415
1006247
1006359
1005785
1005785
1005711
1005841
1006044
1005785
1005767
1005711
1005951
1005693
1005748
1005489
1006062
1005803
1005674
1005655
1006081
1005563
1005711
1005637
1006692
1006544
1006452
1006266
1005803
1005785
1005637
1005729
1006007
1005748
1005748
1005581
1005951
1005767
1005711
1005655
1006119
1005766
1005693
1005711
1006007
1005804
1005785
1006304
1006860
1006377
1006266
1005581
1006100
1005748
1005563
1005840
1006026
1005656
1005692
1005767
1005859
1005674
1005785
1006044
1006081
1005766
1005507
1005766
1006229
1005748
1005785
1005730
1006082
1006489
1005599
1005730
1006044
1005748
1005748
1005729
1005544
1005322
1005267
1005267
1014693
1005340
1005156
1005192
1005415
1005303
1005248
1005378
1006044
1005729
1006452
1006378
1006063
1006563
1005581
1005729
1005859
1005637
1005933
1005748
1005952
1005860
1005618
1005693
1006081
1005729
1005655
1005748
1005878
1005637
1005600
1005803
1006174
1005877
1006285
1006377
1004619
1005451
1005730
1005748
1006952
1005766
1005785
1005619
1005988
1005729
1005804
1005674
1014785
1005822
1005693
1005748
1010563
1005878
1005711
1005841
1011581
1005859
1006285
1006471
1006322
1005582
1005674
1006488
1005822
1005766
1005748
1006304
1005823
1005674
1005766
1006007
1005748
1005693
1005822
1005952
1005730
1005766
1005785
1006489
1005822
1006489
1006340
1007007
1006359
1005563
1005785
1006045
1005803
1005692
1005748
1005896
1005766
1005655
1005637
1005859
1005748
1008544
1005693
1006340
1005748
1005636
1005748
1005989
1005767
1006360
1006489
1006656
1006341
1005599
1005841
1005970
1009044
1005711
1005526
1005841
1005785
1005710
1005636
1005859
1005804
1005656
1005748
1006137
1005785
1005508
1005767
1006044
1005803
1005785
1006341
1006636
1005673
1005785
1005711
1005951
1005933
1005748
1005692
1005970
1005711
1005840
1005655
1005970
1005674
1005804
1005766
1005785
1005840
1005748
1005729
1006007
1006414
1006452
1006285
1006618
1005562
1005637
1005729
1005933
1005822
1005637
1005710
1005896
1005822
1005637
1005767
1005933
1005730
1005785
1005674
1006026
1005804
1005600
1005822
1005989
1009155
1006341
1006100
1005804
1005915
1005785
1005748
1006248
1005915
1005822
1005730
1006045
1005730
1005656
1005711
1006118
1005803
1005692
1005692
1005692
1005248
1005285
1005192
1006174
1008785
1005877
1005729
1005285
1005119
1005230
1006026
1007174
1006025
1005822
1005729
1007803
1005766
1005766
1005655
1006100
1005767
1005674
1005785
1011785
1005859
1005822
1005619
1005915
1005933
1005896
1005304
1005193
1005193
1005248
1005396
1005377
1005211
1005285
1006285
1005396
1005211
1005285
1006045
1005322
1005285
1005248
1006026
1005303
1005229
1005285
1006822
1006118
1006007
1005840
1005952
1005711
1005766
1005766
1005970
1005619
1005822
1005841
1006007
1005656
1005730
1005508
1005859
1005804
1005822
1005729
1005989
1005692
1005730
1005619
1006914
1006600
1006507
1005599
1006007
1005878
1005673
1005766
1006007
1005841
1005785
1005655
1005970
1005803
1005785
1005711
1005952
1005730
1005766
1005729
1006045
1005674
1005711
1005674
1006692
1006341
1006285
1005655
1006044
1005656
1005822
1005729
1006007
1005711
1005619
1005674
1005877
1005711
1005656
1005730
1005989
1005747
1005730
1005748
1005951
1005785
1005692
1006322
1006044
1006377
1008266
1005674
1005860
1005729
1005674
1005766
1005840
1005618
1005674
1005748
1006081
1005711
1005785
1005618
1005914
1005637
1005581
1005822
1006082
1005711
1006359
1005637
1006674
1006304
1005489
1005692
1005914
1005655
1005840
1005748
1005877
1005822
1005785
1005692
1005952
1005655
1005692
1005562
1005859
1005785
1005748
1005785
1006026
1005563
1006359
1006174
1005878
1005563
1005767
1005748
1006025
1005748
1005729
1005785
1006007
1005822
1005674
1005915
1010396
1010451
1008451
1008433
1025470
1010359
1008304
1007655
1006526
1006656
1008156
1009211
1006822
1005933
1005563
1005877
1005322
1005136
1005322
1004174
1005248
1005340
1005229
1005470
1005229
1005322
1005192
1005488
1005359
1005248
1005248
1005563
1005414
1005989
1005970
1006304
1005914
1005230
1009026
1005525
1005266
1005266
1005267
1006526
1005230
1005155
1005192
1006192
1005729
1005711
1005785
1005989
1005859
1005897
1005729
1006026
1005785
1006507
1006507
1006581
1005618
1005674
1005822
1006045
1005693
1005619
1005859
1006063
1005840
1005822
1005970
1005971
1005785
1005674
1005730
1005933
1005692
1005730
1005822
1006008
1006766
1006433
1006285
1006785
1005563
1005711
1005803
1006081
1005803
1005748
1005637
1005471
1005303
1005396
1005414
1007618
1005211
1005248
1005211
1006378
1005971
1005674
1005748
1006266
1006655
1006211
1006396
1006081
1005989
1005766
1005637
1005971
1005748
1005730
1005729
1006007
1005933
1005637
1008971
1005951
1005785
1005803
1005581
1005933
1005785
1005785
1005785
1006025
1006525
1006433
1006359
1005637
1005748
1005674
1005729
1006081
1005785
1005785
1005692
1006118
1005823
1005600
1005748
1005970
1005748
1005785
1005785
1006026
1005730
1005730
1005692
1007322
1006433
1006470
1005619
1005952
1005767
1005803
1005766
1005952
1005563
1005711
1005599
1006063
1005785
1005711
1005729
1006100
1005711
1005748
1006637
1005970
1005841
1005637
1014822
1005841
1006415
1006378
1006526
1005970
1005785
1005747
1006063
