1407399
1397659
1179459
1165219
1173441
1165515
1210236
1085313
1082295
1104535
1081665
1081628
1081368
1127256
1082591
1082202
1082035
1258420
1082146
1081850
1138571
1301124
1081776
1158237
1068091
1057517
1129924
1058054
1209959
1056887
1056665
1057295
1056609
1056443
1056480
1151404
1059240
1230385
1056740
1056091
1056035
1061610
1073331
1058295
1057684
1057777
1058055
1057535
1057591
1057499
1115720
1057573
1057554
1058146
1057294
1056980
1056961
1057295
1056943
1056980
1057017
1057629
1057091
1057109
1057055
1062962
1069221
1058999
1061258
1057369
1057165
1057073
1057739
1059147
1068832
1057017
1057665
1057350
1056980
1056869
1057110
1056610
1056628
1059331
1060536
1057110
1057832
1060629
1057017
1056721
1056795
1057221
1056703
1056813
1056684
1057110
1056665
1056684
1056647
1057221
1056592
1056702
1056703
1057128
1056665
1056665
1057147
1056647
1056684
1056739
1057128
1056814
1056683
1056850
1057054
1056776
1056684
1056777
1056795
1056647
1056684
1057740
1056869
1056591
1056629
1056961
1056721
1056758
1057499
1057183
1056869
1056665
1056702
1057109
1056610
1056703
1056609
1057128
1056665
1056647
1056888
1056702
1056666
1056610
1057146
1056702
1056592
1056721
1057110
1056740
1056628
1056721
1057184
1056739
1056721
1057035
1057054
1056739
1056628
1057036
1056665
1058128
1057294
1058424
1069313
1060055
1057498
1058055
1057332
1057221
1057128
1057721
1057109
1059684
1058906
1057610
1057165
1057258
1057980
1057332
1057295
1057183
1057610
1057221
1057258
1057110
1057684
1057072
1057221
1057239
1057629
1057128
1057165
1057573
1057777
1057239
1057091
1057702
1057202
1057203
1057128
1057462
1057128
1057166
1057166
1057739
1057128
1057295
1057351
1057165
1057165
1057277
1057757
1057184
1057184
1057110
1057388
1057073
1057091
1057202
1057536
1057184
1057203
1057165
1057610
1057147
1057184
1057295
1057202
1057203
1057017
1057647
1057110
1057258
1057147
1057480
1057239
1057147
1057110
1057536
1057203
1057110
1057350
1057184
1057146
1057092
1057517
1057239
1057072
1057092
1057535
1057202
1057128
1057129
1057535
1057906
1057888
1057813
1058332
1057610
1057684
1058628
1057832
1057980
1062572
1059703
1060091
1061128
1058925
1062980
1060054
1059091
1059350
1064203
1068517
1059814
1058202
1057925
1057739
1057740
1056869
1055869
1055887
1055832
1058276
1057350
1057906
1058110
1058665
1057665
1057647
1057665
1058036
1057666
1057628
1058091
1057295
1057202
1057184
1057573
1057165
1057165
1057202
1057481
1057184
1057165
1057202
1057573
1057202
1057147
1057221
1057536
1057129
1057091
1057591
1057092
1057184
1057128
1057573
1057147
1057240
1057129
1057517
1057166
1057147
1057165
1057591
1057128
1057202
1058091
1057276
1057072
1057073
1057535
1057239
1057183
1057091
1057517
1057146
1057166
1057128
1057666
1057202
1057128
1057128
1057555
1057110
1057758
1058202
1057481
1057072
1057184
1057388
1057258
1057110
1057092
1057572
1057184
1057221
1057128
1057647
1057147
1057128
1058017
1057332
1057036
1057184
1055887
1055443
1055369
1055369
1057499
1057184
1057203
1057072
1056110
1055499
1055406
1055406
1057832
1057202
1057109
1058092
1058554
1057165
1057110
1057591
1057350
1057184
1057128
1057499
1057221
1057221
1057091
1057554
1057165
1057128
1057110
1057813
1057239
1057166
1058147
1055776
1055425
1055387
1057499
1057276
1057166
1057202
1057554
1057294
1057146
1057258
1057573
1057184
1057258
1058128
1057443
1057110
1057202
1057573
1057166
1057091
1057128
1057424
1057091
1057054
1057184
1057591
1057258
1057239
1057183
1072332
1063591
1057795
1058165
1058091
1057943
1057351
1056258
1056202
1056128
1055369
1058628
1057869
1057721
1056962
1058203
1057628
1056962
1057128
1056869
1056832
1056887
1057388
1056869
1056850
1056888
1056999
1056462
1056813
1056740
1057277
1056592
1056592
1056591
1035184
1063110
1093350
1058313
1057443
1057851
1057999
1056572
1055646
1055481
1055517
1058054
1056832
1056666
1056628
1057480
1056573
1056646
1056609
1057888
1056702
1056647
1057036
1056666
1056572
1056591
1057129
1056610
1056739
1056684
1057054
1056629
1056721
1056683
1057165
1056702
1056554
1057666
1056999
1056666
1056684
1056869
1056666
1056684
1056610
1057146
1056610
1056684
1056518
1057147
1056683
1056647
1056647
1057073
1056702
1056591
1057517
1064943
1068313
1065331
1058091
1056851
1056276
1056239
1057832
1056999
1056888
1056740
1058572
1057036
1056832
1059554
1057073
1056758
1056832
1057165
1056758
1056888
1056739
1057220
1056869
1056814
1056721
1057314
1056962
1056777
1056758
1057202
1056850
1056720
1057110
1056795
1056832
1056832
1057165
1056888
1056702
1056684
1057258
1056850
1056851
1056832
1057277
1056943
1056814
1056850
1058350
1057313
1057203
1057184
1057109
1057128
1057166
1057461
1057109
1057036
1057091
1057424
1057202
1057091
1057146
1057258
1057110
1057110
1058295
1057332
1057017
1057110
1057573
1057221
1057129
1057184
1057609
1057128
1057092
1057165
1057517
1057054
1057091
1056999
1057592
1057166
1057221
1058072
1055702
1055498
1055388
1057128
1056739
1056721
1056592
1056665
1056239
1056203
1026166
1059221
1057832
1057481
1057221
1057536
1057184
1057073
1057906
1056999
1057073
1056962
1057517
1056999
1057035
1057072
1055943
1055406
1055406
1055369
1057202
1056591
1056573
1057629
1056813
1056518
1056517
1057110
1056592
1056554
1056536
1056924
1056573
1056554
1056629
1056943
1056536
1056462
1056536
1057091
1056554
1056573
1056739
1056573
1056573
1056499
1057109
1056573
1056517
1056554
1056869
1056573
1056536
1056610
1057276
1056703
1056461
1057481
1056777
1056461
1056535
1056814
1056184
1057740
1057184
1057776
1057295
1057073
1056980
1057444
1056999
1057184
1056981
1057665
1057146
1057109
1058036
1057295
1056943
1057147
1057591
1057054
1057147
1057036
1057498
1057203
1057165
1057073
1057499
1057165
1057036
1057017
1057481
1057091
1057035
1057980
1057239
1056980
1057054
1057591
1057110
1057036
1056999
1057610
1057110
1057091
1057091
1057499
1057035
1057018
1058054
1057221
1057091
1057055
1058665
1056035
1056035
1055610
1058535
1057406
1057166
1056869
1057184
1056758
1056795
1056887
1057443
1056924
1056832
1057332
1056813
1057740
1057702
1057721
1057313
1057388
1057406
1057702
1057406
1057388
1057498
1070516
1060517
1057702
1058943
1056332
1055998
1055888
1056480
1055980
1055832
1055758
1058665
1057406
1057221
1057147
1057609
1057184
1057055
1057184
1057499
1057294
1057146
1058313
1057314
1057110
1057183
1057666
1057147
1057221
1057203
1057517
1057183
1057258
1057239
1057794
1057443
1057166
1057184
1057443
1057166
1057184
1058202
1057277
1057203
1057203
1057591
1057146
1057203
1056832
1057684
1056814
1056665
1056702
1057721
1056684
1056592
1057740
1056869
1056536
1056591
1057072
1056758
1056591
1056647
1057129
1056647
1056554
1056592
1057202
1056795
1056629
1056646
1057128
1056647
1056721
1057665
1056758
1056555
1056684
1057035
1056684
1056554
1056629
1057091
1056573
1056758
1056666
1057147
1056647
1056665
1056683
1057128
1056647
1056629
1057702
1056832
1056610
1056572
1056776
1027017
1059258
1057240
1057073
1056777
1056647
1056628
1057221
1056721
1059683
1058146
1057462
1057202
1056980
1056110
1055424
1055555
1055406
1055795
1055480
1055480
1055406
1057221
1056813
1056665
1056573
1056980
1056665
1056647
1056888
1056647
1056628
1056629
1056924
1056647
1056684
1056758
1057147
1056592
1056850
1056703
1056795
1056629
1056684
1057165
1057776
1057498
1057313
1058407
1057295
1057109
1057035
1057592
1057128
1057091
1057165
1057555
1057203
1057203
1057202
1057221
1057295
1057240
1057758
1056961
1059555
1066443
1145312
1085998
1068795
1086480
1070869
1078665
1073109
1073109
1066943
1074202
1065702
1060961
1074054
1064850
1063369
1059591
1059036
1061165
1057184
1057295
1059740
1057609
1057424
1063869
1056813
1057721
1062776
1065165
1061999
1065277
1590025
1082906
1060943
1058054
1067480
1060350
1058758
1064980
1060647
1061443
1062314
1058684
1063517
1058887
1055536
1056480
1055388
1055388
1055350
1060054
1056943
1056831
1057091
1056962
1057017
1056684
1057258
1056665
1056684
1056665
1056943
1056814
1056683
1056720
1057017
1056684
1056758
1057425
1056850
1056683
1057443
1057832
1057332
1057499
1057424
1057776
1057387
1057351
1057443
1057739
1057313
1057425
1057277
1057758
1057351
1057314
1059258
1057573
1057332
1057276
1057943
1057332
1057332
1057277
1057684
1057277
1057276
1057314
1057832
1057332
1057332
1058406
1057684
1057351
1057387
1057888
1057221
1057295
1057350
1057295
1057425
1057332
1056795
1057314
1056666
1056629
1061017
1060776
1059517
1059091
1060313
1059481
1060220
1058425
1058554
1059666
1063313
1060610
1057295
1056758
1057129
1056721
1057072
1056702
1056814
1057221
1056943
1056795
1056758
1056980
1056795
1056758
1056758
1056961
1056777
1056739
1056647
1057240
1056740
1056702
1056629
1057091
1056683
1056702
1057813
1056869
1056610
1056591
1057036
1056980
1056776
1056665
1057128
1056628
1056758
1056592
1057073
1056646
1056683
1056646
1056999
1056702
1056814
1057536
1057017
1056739
1056666
1057184
1056740
1056721
1056629
1057166
1056721
1056740
1056684
1057091
1056665
1056684
1057628
1056869
1056573
1056647
1057072
1056665
1056758
1056720
1056981
1056703
1056702
1056740
1057147
1056721
1056702
1056702
1057073
1056740
1056665
1057702
1056925
1056665
1056721
1056740
1058036
1057184
1057109
1057350
1056998
1056869
1056887
1057498
1056962
1056980
1056925
1057332
1056962
1056906
1057110
1056980
1056943
1056925
1057295
1056869
1056813
1056869
1057239
1056961
1056943
1056962
1057369
1056943
1056924
1057795
1057110
1056962
1056869
1057443
1056999
1056888
1056906
1057221
1056925
1056999
1056832
1057128
1057110
1057128
1056887
1057240
1056795
1056962
1057776
1057110
1056869
1056924
1057203
1056980
1056944
1056980
1057387
1056832
1056888
1056850
1057073
1056980
1056925
1058795
1057758
1057462
1057425
1057888
1057480
1057498
1057406
1057869
1057461
1057462
1057480
1057906
1057425
1057461
1057369
1057388
1057461
1057443
1058350
1057591
1057369
1057406
1057832
1057313
1057518
1057498
1057332
1057499
1057443
1057425
1057943
1057424
1057443
1057425
1057387
1057536
1057461
1058276
1057665
1056832
1056887
1057313
1056980
1056906
1056869
1057388
1056832
1056813
1056869
1061017
1057535
1057221
1058239
1057425
1057054
1057203
1057591
1057258
1057109
1057146
1057536
1057184
1057147
1057146
1057535
1057147
1057184
1057146
1057795
1057165
1057091
1057962
1057332
1057239
1057147
1057535
1057369
1057128
1057166
1057499
1057110
1057128
1057184
1057610
1057054
1057146
1058110
1057462
1057258
1057072
1057591
1057221
1057166
1057109
1057480
1057240
1057276
1057221
1057536
1057072
1057110
1057073
1057591
1057147
1057147
1058184
1057258
1057110
1057109
1057572
1057239
1057129
1057165
1057351
1057147
1056999
1057165
1057629
1057073
1057221
1057202
1057573
1057147
1057221
1058110
1057295
1057332
1064295
1058461
1057443
1057332
1057166
1057443
1057221
1057202
1057184
1056036
1055517
1055443
1057314
1056869
1056702
1056795
1056999
1056647
1056795
1056665
1057146
1056758
1056758
1056684
1057128
1056906
1056646
1056851
1057109
1056758
1056795
1057721
1056925
1056684
1056758
1057128
1056702
1056702
1056702
1057183
1056684
1056647
1056739
1056981
1056813
1056777
1063424
1063499
1062462
1058814
1057276
1056703
1056758
1056592
1057054
1056814
1056591
1056740
1057147
1056703
1056684
1056703
1057017
1056758
1057535
1058666
1057350
1057165
1057166
1057647
1057240
1057184
1057202
1057517
1057110
1057276
1057203
1057665
1057147
1057202
1057295
1057499
1057221
1057258
1058184
1057295
1057184
1057166
1057684
1057165
1057221
1057165
1057128
1057276
1057184
1057481
1057777
1057166
1057203
1058146
1057369
1057406
1057221
1057203
1056684
1056888
1056721
1056999
1056776
1056666
1056665
1057183
1056721
1056721
1056684
1057147
1056629
1056776
1057610
1056869
1056610
1056869
1057110
1056758
1056666
1056684
1057072
1056739
1056721
1056721
1057202
1056851
1056702
1061869
1056961
1056665
1056721
1057129
1056666
1056684
1056646
1056646
1056295
1056332
1056277
1057869
1057277
1057313
1057258
1057666
1057277
1057073
1058203
1057443
1057110
1057221
1057665
1057314
1057221
1057184
1057554
1057202
1057202
1057202
1057740
1057295
1057203
1057165
1057647
1057332
1057239
1058221
1057406
1057184
1057276
1057610
1057351
1057202
1057202
1057517
1057240
1057221
1057165
1057721
1057184
1057239
1058221
1057369
1058110
1057406
1057739
1057295
1057165
1057332
1057461
1057239
1057166
1057147
1057610
1057221
1057165
1057166
1057740
1057166
1057258
1058109
1057406
1057202
1057165
1057591
1057314
1057221
1057128
1057554
1057202
1057184
1057277
1057666
1057295
1057314
1057110
1057647
1057258
1057258
1057665
1057202
1057277
1057128
1057517
1057258
1057221
1057202
1057609
1057221
1057202
1057146
1057740
1057276
1057239
1058220
1057406
1057147
1057239
1057665
1057313
1057314
1057184
1057702
1057313
1057166
1057276
1057480
1057776
1057777
1057739
1058110
1057702
1057739
1058666
1057869
1057684
1057850
1058073
1057684
1057684
1057702
1058110
1057702
1057795
1057684
1058277
1057721
1057739
1058628
1058184
1057777
1057832
1058239
1057776
1057851
1057776
1057666
1057962
1057795
1057869
1057758
1057924
1057887
1057314
1057647
1057295
1057314
1057369
1057221
1057257
1057128
1057462
1057240
1057110
1057277
1057628
1057258
1057332
1057166
1057609
1057240
1057240
1058221
1057369
1057221
1057202
1057629
1057314
1057147
1057295
1057684
1057184
1057109
1057202
1057517
1057258
1057258
1057258
1057684
1057221
1057295
1058091
1057351
1057221
1057147
1057555
1057221
1057240
1057128
1057591
1057314
1057314
1057221
1057703
1057332
1057221
1057203
1057795
1057258
1057258
1058054
1057424
1057146
1057202
1057629
1057221
1057239
1057092
1057703
1057221
1057202
1057184
1057740
1057110
1057128
1058165
1057462
1057221
1057147
1058202
1062276
1060794
1059962
1058573
1059888
1059869
1061036
1060035
1058684
1059480
1224384
1061888
1057758
1058443
1058350
1057369
1057202
1057183
1057591
1057332
1057258
1057165
1059110
1057240
1057184
1057221
1057573
1057221
1057128
1057591
1057110
1057202
1057184
1057665
1057258
1057221
1057110
1057554
1057165
1057220
1057146
1057555
1057202
1057147
1057369
1058036
1057795
1057776
1058240
1057721
1057684
1057740
1058202
1057758
1057721
1057703
1058221
1057758
1057665
1057721
1058165
1057906
1057702
1058629
1058035
1057795
1057666
1058165
1057573
1057758
1057721
1057554
1057795
1057814
1057758
1058239
1057795
1057739
1058610
1057943
1057703
1057684
1057610
1057240
1057295
1057166
1057739
1057184
1057165
1057091
1057683
1057276
1057183
1057183
1057683
1057258
1057203
1058110
1057443
1057184
1057147
1057758
1057406
1057128
1057091
1057739
1057277
1057128
1057166
1057573
1057110
1057221
1058110
1057313
1057202
1057147
1057721
1057129
1057110
1057239
1057425
1057147
1057166
1057165
1057740
1057147
1057203
1057128
1056147
1055591
1055462
1057906
1057073
1056962
1056925
1057110
1056721
1056832
1056832
1057295
1056944
1056777
1056813
1057351
1056794
1056795
1056758
1057221
1056888
1056832
1057647
1057054
1056869
1056795
1057277
1056757
1056813
1056832
1057239
1056814
1056647
1056795
1057277
1056869
1056832
1057813
1056906
1056795
1056813
1057406
1056814
1056739
1056776
1057184
1056887
1056962
1056814
1057276
1056832
1056721
1056758
1057240
1056832
1056757
1057776
1056943
1056869
1056851
1057221
1056813
1056777
1056702
1057295
1056925
1056813
1056814
1057295
1056925
1056925
1056758
1057332
1056777
1057943
1057036
1056888
1056813
1056813
1057073
1056832
1056758
1056795
1057128
1056869
1056777
1056869
1057128
1056869
1056795
1057832
1056962
1056814
1058110
1060980
1069906
1061776
1063221
1064369
1061369
1061628
1073739
1064758
1065628
1062091
1066517
1058869
1063905
1057684
1057517
1057165
1057129
1057258
1057628
1057109
1057146
1057147
1057406
1057128
1057147
1057203
1057221
1057110
1057110
1057072
1057221
1057165
1057073
1057629
1057240
1057202
1057110
1057498
1057128
1057129
1057147
1057443
1057055
1057072
1057036
1057332
1057146
1057073
1057610
1057203
1057091
1057128
1057110
1056758
1056665
1056592
1056943
1056628
1056684
1056536
1057313
1056610
1056572
1057683
1056813
1056480
1056555
1056832
1056628
1056647
1056573
1057109
1056665
1056647
1056573
1056869
1056647
1056499
1056498
1056999
1056573
1056646
1056739
1056610
1056536
1056536
1056869
1056592
1056665
1056591
1057072
1056647
1056647
1056592
1057165
1056721
1056628
1056498
1057129
1056591
1056609
1057498
1056740
1056591
1056517
1056925
1056647
1056591
1056628
1057036
1056573
1056536
1056518
1056998
1056554
1056536
1057591
1060388
1057777
1056813
1057332
1056869
1056721
1056887
1057240
1056944
1056887
1056869
1057388
1056869
1056850
1056758
1057425
1056832
1056869
1057758
1057073
1056665
1056777
1057221
1056943
1056869
1056869
1057313
1056888
1056776
1056702
1057073
1056832
1056758
1057018
1056850
1056795
1056814
1057147
1056832
1056906
1056869
1057017
1056832
1056795
1056869
1057239
1056850
1056777
1056776
1057221
1056850
1056832
1057258
1056906
1056887
1056832
1057109
1056795
1056906
1056850
1056999
1056832
1056943
1056739
1057036
1056906
1056869
1056776
1057295
1056924
1056795
1057017
1056869
1056740
1056850
1057129
1056777
1056814
1056776
1057018
1056795
1056850
1056925
1057128
1056851
1056758
1057813
1056943
1056702
1056906
1057369
1056851
1056814
1057535
1057609
1057424
1057332
1057369
1057703
1057350
1057277
1057406
1057535
1057314
1057350
1057758
1057388
1057332
1057258
1057813
1057332
1057406
1057332
1057776
1057350
1057351
1057314
1057276
1057480
1057462
1057313
1057313
1057406
1057369
1057888
1057388
1057406
1057350
1057517
1057017
1056962
1057943
1058073
1057554
1057628
1057184
1058277
1057110
1057128
1057869
1057184
1057073
1057072
1057646
1057091
1057184
1056906
1057425
1057054
1056999
1057036
1057554
1057110
1056850
1057054
1057573
1057147
1056998
1057888
1057147
1057017
1056943
1057461
1057091
1057110
1057017
1057425
1057017
1057147
1056962
1057573
1057128
1057073
1058128
1057276
1057017
1057054
1057554
1057276
1057091
1057073
1057387
1056980
1057017
1057054
1057795
1057072
1056999
1057017
1057480
1057073
1057017
1057980
1057184
1056980
1057055
1057406
1057073
1057092
1057035
1057462
1057054
1057128
1057018
1057350
1057036
1057091
1057036
1057536
1057129
1057128
1058128
1057277
1056999
1057128
1057351
1057017
1057072
1056925
1057480
1057017
1056961
1056962
1057554
1056924
1057073
1058091
1057240
1057017
1056924
1057480
1057054
1057110
1057054
1057424
1057128
1057091
1057055
1057388
1056999
1056943
1057480
1057517
1057110
1057036
1057165
1056906
1056999
1056961
1057388
1057072
1057073
1057036
1057350
1057017
1057017
1057092
1057369
1057073
1057054
1058072
1057314
1056962
1056980
1057720
1057147
1057073
1056998
1057332
1057054
1057091
1056962
1056091
1055536
1055499
1055425
1057610
1057054
1057295
1057203
1057073
1056998
1057666
1058128
1057591
1057962
1057536
1058128
1058720
1059146
1057684
1058295
1057535
1057462
1057591
1058202
1057517
1057647
1058017
1057666
1057536
1057573
1058184
1057498
1057536
1057498
1058055
1057536
1057536
1057517
1058128
1057517
1057666
1058554
1057739
1057572
1057647
1058129
1057499
1057647
1057091
1057795
1057184
1057480
1057017
1058388
1057054
1057147
1057073
1057646
1057202
1056961
1057258
1057036
1057017
1057036
1057573
1057017
1056981
1056998
1057628
1056980
1057128
1057036
1057573
1057017
1056998
1058036
1057165
1057017
1056943
1057443
1057036
1057091
1056943
1057499
1057091
1057091
1057129
1057591
1056980
1056999
1056980
1057462
1057017
1056962
1057924
1057258
1057055
1056980
1057480
1057110
1056943
1057018
1057517
1057017
1057017
1057054
1057462
1056998
1057017
1056999
1057702
1057091
1057091
1058017
1057295
1056998
1057110
1057388
1057129
1057036
1057054
1055998
1055795
1056406
1055387
1061851
1057332
1057295
1059943
1057240
1056961
1057128
1057462
1056980
1057109
1057129
1057406
1056998
1056999
1057054
1057739
1057036
1057184
1057091
1057425
1057054
1056980
1058054
1057183
1057054
1057073
1056054
1055462
1055443
1055406
1057832
1057313
1057258
1057017
1058462
1056999
1057277
1057276
1057184
1056998
1057072
1057444
1058647
1060072
1060314
1058425
1059295
1059018
1060146
1059165
1058388
1058591
1061684
1066869
1057832
1057184
1057592
1057165
1057166
1056999
1058017
1057351
1057202
1057036
1057461
1057054
1057184
1057055
1057610
1057184
1057128
1057091
1057665
1057054
1057165
1057406
1057110
1056980
1057110
1057462
1057925
1057906
1057629
1058017
1057629
1057684
1057518
1058110
1057591
1057536
1057999
1057628
1057869
1057684
1058091
1057647
1057554
1057592
1057850
1057573
1057703
1057573
1058499
1057592
1057517
1057684
1057517
1057981
1057591
1058665
1057832
1057572
1057758
1058054
1057499
1057591
1057702
1057888
1057055
1057332
1057054
1058202
1057128
1057109
1058073
1057850
1057073
1056980
1057628
1057109
1056999
1057092
1057628
1057110
1057128
1057017
1057647
1057091
1057017
1057054
1057610
1057166
1057128
1058128
1057387
1057110
1057017
1057499
1057147
1057128
1057110
1057499
1057055
1057035
1057146
1057573
1057128
1057129
1058146
1057313
1057110
1057054
1057499
1057054
1057017
1057073
1057443
1057183
1057109
1057110
1057647
1057092
1057017
1057072
1057480
1057072
1057072
1058129
1057276
1057073
1057091
1057424
1057221
1057055
1057203
1057387
1057128
1057166
1057073
1057647
1057091
1057147
1057165
1057480
1057147
1056999
1057980
1057258
1056981
1057072
1057461
1057091
1057129
1057035
1057424
1057073
1057073
1056925
1057443
1057055
1057091
1058203
1057202
1057073
1057221
1057351
1057073
1057146
1057109
1057573
1057147
1057147
1057147
1058239
1057129
1057017
1057110
1057536
1057129
1056980
1057184
1057165
1057073
1057054
1057462
1057128
1057110
1056961
1057258
1057054
1057092
1057036
1057387
1057017
1057165
1057091
1057536
1057036
1057128
1057499
1057092
1057036
1057017
1057499
1057035
1057072
1056962
1057480
1057128
1057092
1056887
1057572
1057165
1057721
1057721
1058036
1057610
1057609
1058165
1057943
1057851
1057536
1058072
1057573
1057610
1057573
1058091
1057535
1057629
1057573
1058221
1057591
1057572
1058703
1058166
1057591
1057684
1058147
1057572
1057703
1057573
1057924
1057591
1057629
1057573
1058147
1057480
1057758
1058517
1057832
1057165
1057129
1057536
1056980
1057221
1057017
1057462
1057165
1057128
1057055
1057628
1057072
1057072
1057073
1057536
1057091
1057091
1058018
1057221
1057017
1056962
1057573
1057110
1057054
1057036
1057517
1057072
1057128
1057091
1057425
1057072
1057221
1058110
1057166
1057036
1056980
1057758
1057036
1057147
1057035
1057480
1057036
1056998
1056924
1057499
1057036
1057166
1057055
1057629
1057240
1057110
1057258
1057035
1057017
1057054
1057314
1057092
1057054
1057017
1057295
1057109
1057073
1057036
1057480
1057166
1057092
1057091
1057684
1056925
1057184
1058091
1057239
1057054
1057054
1057295
1057183
1057091
1057110
1057332
1057128
1057055
1056980
1057628
1057036
1057128
1058054
1057183
1057091
1057036
1057388
1057128
1057054
1057055
1057276
1057072
1057091
1057035
1057314
1057166
1057036
1057054
1057591
1057183
1057165
1057888
1057240
1057128
1057165
1057424
1057091
1057091
1057072
1057388
1057813
1057073
1057036
1057388
1057073
1057109
1057110
1057721
1057184
1057036
1057610
1057035
1057092
1056980
1057388
1057092
1057072
1057017
1057536
1057055
1057017
1057054
1057406
1057147
1057110
1058018
1057313
1057017
1057109
1057518
1057110
1057054
1057035
1057351
1057739
1057646
1057536
1058129
1057610
1057573
1057554
1058018
1057554
1057554
1058555
1057758
1057573
1057554
1058073
1057573
1057647
1057628
1057961
1057591
1057554
1057573
1058036
1057609
1057572
1058555
1057702
1057573
1057554
1057981
1057684
1057647
1057572
1057998
1057554
1057517
1057129
1058147
1056999
1057128
1057091
1057943
1057035
1057924
1058166
1057277
1056980
1057035
1057592
1057054
1057054
1056998
1057481
1056999
1057110
1056943
1057535
1056980
1056980
1057869
1057258
1057035
1056961
1057443
1057054
1057054
1057055
1057480
1057018
1057091
1057091
1057461
1056999
1057035
1057073
1057499
1057109
1057128
1057202
1057184
1057055
1056999
1057332
1057110
1056962
1057055
1057517
1057035
1057147
1057092
1057517
1057072
1057165
1057110
1057555
1057092
1057054
1057999
1057258
1056999
1057017
1057518
1057073
1057165
1057091
1057388
1057035
1057184
1057091
1057610
1056980
1057017
1057944
1057239
1057203
1057054
1057388
1057166
1057017
1057091
1057444
1057073
1057109
1057036
1057610
1057110
1057147
1057017
1057314
1056980
1057055
1058072
1057220
1057017
1057073
1057443
1056925
1056943
1057054
1057462
1057072
1057055
1056999
1057443
1057203
1057073
1057091
1057591
1057146
1057110
1057073
1057202
1057036
1057091
1057573
1057166
1057073
1057091
1057406
1057203
1057110
1057017
1057443
1057092
1057128
1057202
1057239
1057165
1057202
1057499
1057036
1057110
1056980
1057462
1057147
1056961
1057092
1057498
1057054
1057128
1057092
1057480
1057646
1057665
1058573
1057777
1057573
1057591
1058091
1057555
1057573
1057628
1058072
1057684
1057647
1057536
1057943
1057555
1057628
1058666
1057776
1057647
1057684
1058258
1057573
1057536
1057628
1057999
1057554
1057592
1057628
1058091
1057536
1057647
1057592
1057962
1057554
1057573
1064017
1058944
1057739
1057203
1057351
1057184
1057036
1056980
1057425
1057092
1057147
1057035
1057646
1057091
1057129
1058276
1057239
1057054
1057054
1057332
1057091
1057073
1057054
1057554
1056962
1057035
1057073
1057462
1057054
1062128
1058739
1060777
1059777
1058184
1059646
1058721
1058998
1058444
1058295
1062592
1058535
1057388
1057832
1057110
1057147
1056998
1057388
1057221
1057054
1056999
1057480
1057054
1057055
1057276
1057203
1057073
1057055
1057350
1057184
1057054
1057017
1058425
1057091
1057073
1056962
1057462
1057146
1057055
1057591
1057017
1057091
1057092
1057850
1057054
1057073
1057128
1057517
1057036
1057184
1056999
1057387
1056943
1057146
1056962
1057480
1057035
1057055
1058017
1057202
1056999
1056980
1057424
1056999
1057109
1057036
1057350
1057091
1057073
1056980
1057480
1057073
1057017
1057906
1057147
1057054
1057054
1057480
1057035
1057017
1056999
1057387
1056999
1057035
1056962
1057443
1057165
1057054
1056999
1057425
1056962
1057054
1057962
1057406
1058444
1057109
1057609
1057684
1057313
1057109
1057332
1057128
1056999
1056961
1057443
1056999
1057017
1057110
1057684
1056962
1057091
1057220
1057054
1057054
1056999
1057499
1057092
1056961
1056962
1057314
1057110
1057129
1057887
1058277
1057572
1057610
1058480
1057776
1057517
1057628
1058036
1057517
1057499
1060332
1058332
1057592
1057610
1057480
1058073
1057536
1057573
1057424
1057887
1060721
1057703
1058165
1057573
1057592
1057554
1058017
1057480
1057535
1057572
1057944
1057480
1057573
1057592
1057887
1057499
1057517
1058165
1057221
1057018
1057072
1057609
1056962
1057017
1056980
1057610
1057036
1057054
1056999
1057536
1057109
1057128
1057147
1073054
1059480
1057203
1060406
1057183
1056683
1056832
1057517
1056814
1056665
1056573
1056980
1056536
1056628
1056499
1056980
1056629
1056646
1063406
1056961
1056573
1056665
1057054
1056628
1056628
1056647
1056943
1056629
1056535
1056554
1057054
1056573
1056721
1056609
1056980
1056573
1056592
1057684
1056832
1056684
1056591
1056980
1056573
1056610
1056536
1056795
1056684
1056499
1056610
1056925
1056591
1056628
1056609
1056981
1056610
1056573
1057517
1056740
1056591
1056647
1056591
1056221
1056073
1056054
1057665
1057332
1057332
1057184
1057499
1057925
1057980
1058739
1057925
1057665
1057683
1058220
1057702
1057758
1057702
1057999
1057684
1057703
1057610
1058035
1057628
1057720
1057665
1058128
1057832
1057702
1058665
1057869
1057610
1057591
1056702
1055869
1055925
1055851
1059387
1056999
1057332
1057276
1058055
1056758
1057406
1057184
1057258
1057017
1056906
1059332
1057980
1057351
1056832
1057054
1056573
1056610
1056573
1057165
1056536
1056592
1056702
1057610
1056740
1056665
1056777
1056647
1056573
1056684
1057073
1056721
1056629
1056555
1057072
1056684
1056610
1056480
1057184
1056776
1056629
1056573
1057073
1056628
1056684
1057628
1056758
1056795
1056610
1056980
1056647
1056665
1056628
1056665
1056313
1060351
1057258
1057054
1056776
1061832
1059184
1057202
1056758
1056666
1057054
1056610
1056628
1056610
1057073
1056665
1056721
1056554
1057240
1056591
1056702
1056535
1057017
1056610
1056480
1057814
1056702
1056610
1056536
1057036
1056721
1056628
1056518
1056943
1056703
1056647
1056610
1057091
1056610
1056573
1056573
1056999
1056573
1056629
1057480
1056832
1056609
1056480
1056629
1056369
1056128
1057332
1056017
1055517
1055480
1055424
1057777
1057240
1057147
1057221
1057147
1057054
1057091
1057370
1057129
1057091
1057184
1057517
1057165
1057055
1057017
1057535
1057239
1057073
1057128
1057758
1057073
1057128
1058073
1057295
1057073
1057036
1057499
1057221
1057055
1057073
1057480
1057165
1057147
1057166
1057332
1057054
1056944
1057091
1057517
1057110
1057092
1058035
1057202
1057054
1057110
1057369
1057147
1057054
1057073
1057295
1057128
1057036
1056999
1057406
1057110
1057184
1058128
1057295
1057036
1057814
1058480
1057683
1057554
1057610
1057924
1057425
1057591
1057684
1058036
1057480
1057721
1057462
1058017
1057665
1057628
1058444
1057813
1057555
1057591
1058276
1057702
1057536
1057610
1057907
1057517
1057610
1057573
1058110
1057554
1057628
1058535
1058406
1057702
1058184
1058202
1057313
1057684
1057036
1057961
1057055
1057073
1057109
1057591
1056981
1057055
1056980
1058036
1057110
1056980
1058017
1057295
1056944
1057073
1057554
1057054
1057110
1057129
1057628
1057054
1057109
1057128
1057517
1057202
1057184
1057091
1057610
1057054
1057147
1057554
1057165
1057092
1057184
1057554
1057035
1057091
1057129
1057777
1057184
1057073
1057129
1057332
1057017
1057054
1057295
1057073
1057035
1057054
1057573
1057055
1057017
1057054
1057332
1057054
1057073
1056981
1057499
1057073
1057091
1056980
1057517
1057110
1057110
1057925
1057295
1057054
1057129
1057536
1057129
1057035
1057128
1057351
1057110
1057054
1057073
1057610
1057165
1057147
1058110
1057258
1057035
1057054
1057517
1057147
1057091
1057017
1057387
1057091
1057091
1057017
1055906
1055406
1055369
1055332
1057555
1057184
1056998
1058018
1057295
1057129
1057110
1057443
1057091
1057092
1056980
1057406
1057221
1057036
1057018
1057480
1057073
1057073
1057054
1057517
1057110
1057073
1058017
1057258
1057054
1057073
1055999
1055443
1055406
1055406
1058035
1057147
1057129
1056999
1057443
1057017
1056999
1058035
1057220
1056924
1057073
1057462
1056962
1057036
1056906
1057369
1057054
1057036
1056980
1057480
1057166
1057054
1057017
1057351
1056943
1057702
1058702
1056295
1055961
1055907
1058535
1057591
1057517
1057517
1057795
1057498
1057425
1057499
1056480
1055870
1055795
1063313
1057480
1057054
1056999
1057536
1057072
1057036
1056980
1057351
1057018
1057017
1056999
1057462
1056943
1057036
1057018
1057517
1057054
1056999
1057721
1057943
1057721
1057536
1056573
1055887
1055555
1055443
1055906
1055425
1055387
1055444
1057165
1056572
1056554
1056517
1057387
1056536
1056554
1056666
1056499
1056535
1056499
1057166
1056388
1056573
1056499
1056924
1056425
1056480
1056499
1056962
1056610
1056554
1057609
1056758
1056536
1056517
1056851
1056536
1056536
1056461
1056998
1056443
1056554
1056481
1056850
1056517
1056499
1056406
1057054
1056461
1056554
1057444
1056647
1056443
1056498
1056869
1056572
1056425
1056480
1057035
1056536
1056536
1056628
1056943
1056518
1056591
1056573
1056906
1056536
1056554
1057591
1056721
1056573
1056481
1056961
1056517
1056536
1056424
1056925
1056461
1056498
1056536
1060295
1058998
1057276
1057054
1056850
1056795
1056758
1057129
1056906
1056758
1056629
1056906
1056832
1056758
1056777
1057147
1056703
1056758
1056777
1057165
1056813
1056814
1057702
1056906
1056703
1056665
1056036
1058480
1056776
1056110
1057702
1057147
1056980
1056943
1058499
1058832
1057332
1058054
1084461
1059203
1057239
1057999
1056758
1056572
1056646
1057406
1056536
1056554
1056536
1056962
1056591
1056628
1056554
1056573
1055610
1059073
1058498
1057295
1057128
1057146
1057350
1058961
1058406
1057147
1057998
1057109
1057277
1057054
1056406
1055592
1055462
1055332
1057684
1057129
1057202
1058573
1057258
1057054
1057109
1057481
1057036
1057017
1056962
1057351
1057109
1057017
1057017
1057425
1057129
1057036
1058054
1057258
1057888
1057610
1058110
1057610
1057628
1057554
1056277
1055943
1055869
1055869
1058313
1058184
1057684
1057740
1057925
1057517
1057609
1058073
1057924
1057628
1057629
1058054
1057536
1057535
1057518
1057924
1057573
1057610
1057573
1057887
1057888
1057628
1058110
1057758
1057684
1057591
1057925
1057535
1057146
1057109
1057944
1057109
1057239
1057073
1057573
1057055
1057017
1057036
1058017
1057054
1057054
1057147
1057184
1057036
1057091
1057462
1057054
1057128
1057110
1057369
1057017
1057091
1056999
1057591
1057036
1057055
1057017
1057517
1057110
1057073
1057961
1057202
1057091
1057036
1057369
1057072
1057110
1057055
1057555
1056962
1057036
1057036
1057535
1057147
1057036
1057925
1057221
1056943
1056999
1057480
1057147
1057055
1057017
1057332
1057054
1056980
1057073
1057573
1057091
1056999
1057036
1057424
1056962
1057091
1057980
1057240
1057017
1057129
1057481
1057110
1057054
1056925
1057313
1057110
1057073
1057017
1057517
1057036
1057017
1063887
1057535
1056999
1057018
1057406
1057110
1057055
1057035
1057313
1057054
1057073
1057091
1057424
1057091
1057128
1057017
1057425
1056943
1057036
1057869
1057258
1057017
1057036
1057406
1057091
1057017
1057017
1057388
1057091
1057091
1057092
1057313
1057073
1057036
1057091
1057554
1056943
1057092
1057961
1057277
1057091
1057018
1057461
1057091
1057091
1057073
1057499
1057073
1057054
1056943
1057647
1057147
1057109
1057943
1057277
1056999
1056998
1057517
1057091
1057092
1057017
1057461
1057184
1057795
1057628
1056610
1055887
1055869
1055906
1058110
1057517
1057295
1058295
1057444
1057239
1057295
1057647
1057314
1057313
1057313
1058610
1057332
1057387
1057610
1058018
1057277
1057276
1057277
1057628
1057406
1057314
1057851
1057314
1057295
1057203
1057832
1057369
1057295
1057276
1057684
1057239
1057332
1057277
1057814
1057369
1056851
1057999
1057054
1056814
1056647
1057110
1056888
1056813
1056776
1057184
1056758
1056758
1056814
1057165
1056665
1056740
1056795
1057258
1056869
1056777
1057758
1056980
1064702
1060166
1057591
1056925
1056758
1056628
1057184
1056758
1056758
1056702
1057499
1056776
1056758
1056943
1056907
1056739
1056721
1057406
1056814
1056684
1056647
1057147
1056795
1056758
1056684
1057184
1056832
1056739
1056758
1057240
1056740
1056813
1057481
1055721
1055424
1055425
1057313
1056814
1056776
1056629
1057239
1056665
1056740
1056684
1057147
1056814
1056684
1056721
1057388
1056666
1056795
1056758
1056758
1056647
1056720
1057202
1056813
1056758
1056702
1057203
1056684
1056721
1056758
1057128
1056758
1056721
1057758
1056869
1056684
1056684
1057277
1056850
1056740
1056739
1056925
1056702
1056721
1056721
1057202
1056795
1056721
1056832
1057277
1056758
1056666
1057666
1056869
1056795
1056740
1057073
1056758
1056758
1056647
1057165
1056665
1056666
1056702
1057147
1056702
1056795
1056703
1057184
1056647
1056777
1057091
1056721
1056758
1056721
1057017
1056703
1056740
1056702
1057128
1056684
1056758
1056814
1057295
1056702
1056777
1056907
1056814
1056758
1056758
1056999
1056740
1056684
1056628
1057036
1056795
1056665
1056758
1057073
1056758
1056758
1056703
1057147
1056721
1056721
1057757
1056869
1056610
1057462
1057888
1057721
1057221
1057425
1057666
1057295
1057295
1057277
1057776
1057332
1057314
1057832
1057406
1057351
1057369
1057684
1057369
1057203
1057239
1057591
1057240
1057258
1057221
1057832
1056758
1057351
1057369
1057536
1057240
1057239
1058295
1057555
1057073
1057276
1057795
1057147
1057239
1057350
1057629
1057332
1056740
1056795
1057888
1056776
1056684
1056739
1057906
1056740
1056739
1057573
1056906
1056665
1056684
1057240
1056777
1056721
1056795
1057240
1056795
1056702
1056684
1057165
1056684
1056702
1057628
1056814
1056684
1056758
1057147
1056721
1056776
1056684
1057295
1056777
1056776
1056758
1057313
1056776
1056795
1056684
1057203
1056721
1056757
1057609
1056887
1056740
1056776
1057055
1056776
1056721
1056721
1057240
1056721
1056777
1056665
1057258
1056776
1056795
1056684
1057239
1056740
1056888
1057091
1056758
1056702
1056740
1057147
1056684
1056666
1056665
1057128
1060055
1057276
1056962
1057443
1056980
1057055
1057961
1057203
1056999
1057036
1057554
1057128
1056980
1056925
1057369
1056980
1056906
1056925
1057369
1057128
1057036
1056925
1057499
1056924
1056925
1057295
1056943
1056850
1056925
1057443
1056999
1057054
1056925
1057369
1056925
1056980
1057018
1057425
1056777
1057110
1057925
1057239
1056980
1056906
1057407
1056943
1056980
1056999
1055943
1055499
1055406
1055369
1057499
1057036
1056925
1057110
1057406
1056980
1057036
1057980
1057240
1056943
1057017
1057369
1057109
1057035
1057018
1057332
1057054
1056943
1057036
1057369
1057054
1056980
1056999
1057388
1056999
1057036
1057980
1057536
1057017
1056925
1057295
1057665
1059054
1057592
1058313
1057462
1057536
1057480
1057869
1057461
1057462
1057999
1057536
1057407
1057498
1058146
1057443
1057443
1057498
1057999
1057461
1057443
1057517
1057980
1057425
1057535
1057406
1057961
1057110
1057646
1058499
1057628
1057443
1057443
1058147
1057055
1057499
1057591
1056388
1055832
1055813
1055443
1058314
1057017
1057073
1057888
1057202
1056998
1056980
1057462
1057017
1056925
1056924
1057388
1056906
1056999
1056961
1057554
1056981
1057036
1056961
1057444
1056962
1057035
1057851
1057184
1056906
1056999
1057424
1056999
1056924
1057035
1057425
1056961
1056961
1057018
1057351
1057036
1057036
1056943
1057406
1057017
1056980
1057776
1057221
1056943
1056962
1057480
1057073
1056980
1056980
1057221
1056999
1056999
1056962
1057517
1056962
1056980
1057962
1057165
1056832
1056999
1057295
1057018
1057018
1057036
1057332
1057036
1056998
1056981
1057424
1057036
1057054
1057036
1057388
1057055
1056924
1057832
1057258
1056981
1056961
1057388
1057055
1057017
1057036
1057369
1056924
1057055
1056924
1057351
1057109
1057054
1057869
1057184
1056943
1056999
1057314
1056999
1057036
1056943
1065443
1059332
1057461
1057128
1057499
1057129
1057054
1057073
1056072
1055591
1055480
1057851
1057146
1057035
1057055
1057240
1057073
1057036
1057036
1057406
1057073
1057036
1057035
1057313
1056961
1057018
1056980
1057480
1056962
1057073
1057999
1055740
1055313
1055313
1057387
1057054
1057036
1056943
1057461
1057109
1057035
1056999
1057258
1057054
1056943
1058035
1057388
1057499
1057036
1057536
1057092
1057739
1057666
1058128
1057517
1057536
1057536
1058221
1057592
1057609
1057535
1057925
1057554
1057480
1058425
1057777
1057480
1057517
1058036
1057536
1057554
1057499
1057980
1057554
1057591
1057499
1057943
1057665
1057536
1058536
1057684
1057536
1057535
1057870
1057499
1057499
1057499
1057925
1057444
1057535
1057091
1057980
1057036
1057110
1056980
1058036
1057017
1057110
1057943
1057165
1057036
1057054
1055906
1055424
1055369
1055350
1057499
1056961
1056962
1056980
1057462
1057018
1057054
1056962
1057536
1057110
1057055
1057961
1057295
1056998
1056981
1057591
1057017
1056999
1057017
1057591
1056980
1056981
1056961
1057591
1057129
1056999
1057943
1057128
1056869
1056924
1057314
1057035
1056980
1056980
1057314
1057054
1057073
1057054
1057517
1056980
1056943
1057017
1057387
1056943
1057055
1057998
1057258
1056943
1056962
1057573
1057017
1057054
1057018
1057369
1057018
1057054
1057017
1057406
1056943
1057054
1056906
1057406
1056943
1057036
1057888
1057073
1056962
1057017
1057276
1057110
1057017
1056999
1057388
1057091
1057184
1057073
1057406
1056906
1057036
1057887
1057239
1057073
1056943
1057666
1057036
1057072
1056998
1057555
1057073
1057017
1056999
1057369
1057054
1056962
1056962
1057443
1056962
1056999
1057925
1055739
1055444
1055406
1057443
1057147
1057035
1056998
1057277
1057146
1057072
1056962
1057517
1057091
1056962
1057943
1057221
1056980
1057018
1057369
1057091
1056999
1056981
1057350
1057092
1057128
1057017
1057332
1056998
1057147
1057054
1059536
1084387
1076016
1075980
1074702
1065369
1063166
1068202
1063462
1073646
1064536
1058869
1067109
1063369
1060183
1063091
1059276
1059757
1059128
1059573
1062684
1060424
1059684
1061406
1059480
1062832
1064572
1082350
1072165
1072221
1068480
1078795
1065313
1059740
1068591
1063036
1064499
1063221
1061629
1062240
1066110
1064369
1068258
1060666
1057165
1057462
1056999
1057018
1057443
1056961
1056999
1056999
1057295
1056924
1056907
1057035
1057591
1056906
1057018
1056943
1057832
1056961
1056999
1057054
1057128
1056887
1056962
1057017
1057036
1056869
1056999
1057295
1057091
1057017
1056981
1057424
1057036
1057017
1056999
1057517
1056999
1056943
1057332
1057017
1056943
1056943
1057258
1057017
1056999
1057055
1057184
1057073
1056999
1057017
1057406
1056980
1057017
1056980
1057332
1056980
1056980
1057962
1057165
1056962
1056906
1057369
1056962
1057017
1056980
1057221
1056980
1057018
1057017
1057499
1057018
1056869
1056943
1057498
1056980
1056962
1057851
1057165
1056925
1057017
1057295
1057017
1056962
1057017
1057277
1057018
1056980
1056925
1057554
1056980
1057036
1057887
1057184
1056943
1056961
1057461
1056962
1057017
1056906
1057295
1056962
1057054
1056943
1057351
1057091
1057017
1056962
1057332
1057036
1057017
1057850
1057184
1056869
1057018
1057387
1057017
1057073
1057055
1057536
1057128
1057054
1056925
1057406
1057666
1057647
1057591
1057888
1057498
1057518
1058035
1057517
1057517
1057573
1058017
1057536
1057536
1057610
1057980
1057498
1057554
1057555
1058017
1057591
1057536
1058536
1057646
1057499
1057406
1058036
1057535
1058666
1057591
1057943
1057554
1057499
1057518
1057999
1057499
1057610
1057480
1057943
1057110
1057091
1057184
1056998
1056998
1057018
1057443
1057054
1057036
1057036
1057480
1056980
1056906
1056962
1057536
1056980
1057017
1057999
1057203
1057017
1057036
1057369
1057128
1056962
1056962
1057406
1056961
1056999
1056962
1057406
1057703
1058165
1057110
1057480
1057110
1057017
1057165
1057128
1057110
1056962
1057295
1056962
1057036
1057036
1057369
1056999
1057017
1056925
1057443
1057110
1056980
1056999
1057462
1056980
1056961
1057332
1057054
1056944
1056943
1057239
1057072
1056961
1056999
1057462
1057018
1056981
1056943
1057425
1056998
1056961
1057981
1057109
1056961
1056944
1057295
1056999
1056962
1056925
1057295
1057018
1056998
1057054
1057370
1057036
1057017
1056999
1056054
1055499
1055258
1058110
1057072
1056980
1056962
1057239
1057036
1057036
1056943
1057314
1056944
1056943
1057017
1057425
1056998
1057036
1057887
1057239
1056943
1056999
1057443
1056999
1056869
1057035
1057221
1057091
1056999
1056999
1057369
1056961
1056998
1056888
1057425
1057018
1056999
1057869
1057240
1057073
1056999
1057277
1057091
1057036
1056961
1057314
1056999
1056999
1056962
1057425
1057036
1057017
1056980
1057369
1061091
1059554
1059462
1058406
1058591
1058313
1059591
1058535
1058462
1057721
1061906
1057795
1056999
1057017
1057406
1056999
1057073
1057870
1057628
1057517
1057498
1058647
1057591
1057462
1057443
1057795
1057628
1057573
1057518
1057850
1057517
1057518
1057443
1057888
1057499
1057535
1058609
1057703
1057517
1058388
1057943
1057480
1057480
1057387
1057943
1057425
1057536
1057554
1057980
1057517
1057499
1057647
1057610
1057517
1057017
1057462
1056980
1057017
1056981
1057424
1057017
1056999
1056962
1055924
1055462
1057240
1058462
1060758
1058517
1059351
1059128
1059499
1059518
1058443
1058517
1058498
1212367
1061109
1057665
1057110
1057036
1056962
1057592
1056980
1056999
1057073
1057147
1056906
1056999
1057795
1057147
1056980
1056981
1057462
1056961
1056981
1057036
1057406
1056962
1057073
1057351
1057017
1056980
1056924
1057407
1056999
1057017
1057018
1057221
1056999
1056924
1056980
1057517
1056924
1056906
1056925
1057388
1056944
1056924
1057851
1057147
1056943
1056943
1057387
1057036
1056943
1056943
1057480
1056980
1056888
1056980
1057480
1057017
1056943
1056925
1055999
1055388
1055406
1057443
1056665
1056665
1056536
1056721
1056555
1056480
1056517
1056887
1056443
1056536
1056480
1056999
1056443
1056517
1057610
1056647
1056518
1056554
1056999
1056517
1056555
1056517
1056925
1056665
1056406
1056536
1056924
1056517
1056499
1056443
1056869
1056536
1056536
1057554
1056777
1056461
1056554
1056924
1056517
1056480
1056480
1056925
1056554
1056517
1056517
1056944
1056536
1057332
1057147
1057388
1057165
1057035
1063740
1059795
1057961
1057703
1058054
1057202
1057647
1057536
1057943
1057554
1057647
1057535
1058036
1057517
1057591
1057666
1057628
1057480
1057573
1058129
1057555
1057536
1057554
1057980
1057647
1057573
1057499
1058072
1057554
1057554
1057518
1057961
1057554
1057592
1058036
1057239
1056981
1057684
1057443
1057073
1057054
1056962
1057554
1057036
1057036
1056999
1057591
1057110
1057017
1057203
1057072
1057073
1057018
1057573
1057129
1057017
1057054
1057499
1056944
1057017
1057036
1057592
1057092
1057036
1057036
1057480
1057017
1057055
1057981
1057202
1056980
1057054
1057406
1057073
1056980
1057055
1056054
1055480
1055406
1055425
1057592
1057147
1057036
1057017
1057536
1056981
1057035
1057166
1057165
1056943
1057110
1057444
1057036
1057054
1057036
1057647
1057018
1057036
1056961
1057518
1057055
1057091
1057980
1057202
1057054
1056981
1057536
1057091
1056943
1057055
1057462
1057110
1057073
1057036
1057499
1057036
1057110
1056925
1057536
1057054
1057073
1057888
1057221
1056943
1057017
1057517
1056980
1057166
1056980
1057351
1057073
1057110
1056999
1057499
1057054
1056998
1057018
1057018
1057017
1056961
1057666
1057091
1056999
1057035
1057369
1057036
1057036
1057054
1055944
1055407
1055350
1055332
1057554
1057073
1056962
1057036
1057129
1057035
1056961
1057443
1056980
1056998
1056981
1057461
1057128
1056962
1056980
1057369
1057073
1056999
1056999
1057591
1057054
1056962
1057906
1057202
1057017
1057055
1057499
1057036
1057091
1056998
1057444
1057684
1057555
1057535
1057980
1057610
1057591
1058517
1057646
1057480
1057591
1058110
1057629
1057591
1057629
1057777
1057555
1057665
1057555
1058072
1057554
1057573
1057554
1056295
1055796
1055906
1057684
1057018
1056739
1056777
1057665
1057258
1057203
1057147
1057610
1057165
1057184
1057221
1057666
1057184
1057129
1058258
1057035
1056703
1056924
1057073
1056647
1056628
1056721
1057184
1056739
1056684
1056721
1057147
1056851
1056702
1056684
1057202
1056832
1056647
1056851
1056739
1056721
1056610
1057221
1056776
1056647
1056703
1057110
1056702
1056758
1056573
1057184
1056609
1056554
1056666
1057165
1056758
1056610
1057628
1056925
1056573
1056684
1057036
1056795
1056684
1056703
1057165
1056647
1056777
1056573
1057221
1056666
1056647
1057665
1056777
1056591
1056665
1057184
1056610
1056666
1056573
1057128
1056665
1056610
1056666
1057110
1056684
1056684
1056683
1057128
1056628
1056646
1057573
1056776
1059721
1057777
1057665
1057018
1057055
1057017
1057461
1056943
1056962
1057036
1057443
1056906
1057054
1056999
1057443
1056962
1057017
1057277
1059166
1056924
1056887
1058036
1057054
1057036
1056943
1057277
1056999
1056962
1056980
1057999
1056944
1056998
1058183
1057128
1056925
1056999
1057369
1056944
1056980
1056999
1057425
1056943
1057017
1057017
1057332
1057035
1056962
1057036
1057424
1056943
1056888
1057925
1057239
1056981
1057035
1057332
1057036
1056962
1056999
1057387
1057054
1056999
1056962
1057591
1057017
1056999
1057925
1057091
1057017
1056943
1057350
1056999
1057017
1056943
1057536
1056999
1057036
1056925
1057369
1057035
1057054
1057702
1058277
1057573
1057777
1058480
1057758
1057499
1057591
1058092
1057481
1057554
1057443
1057832
1057591
1057499
1057536
1057999
1057443
1057425
1057499
1057832
1057480
1057499
1058480
1057758
1057499
1057499
1057981
1057555
1057498
1057462
1057832
1057536
1057517
1057518
1057998
1057444
1058313
1057203
1068813
1058702
1055851
1056406
1055573
1055480
1055387
1056091
1055406
1055406
1055351
1056165
1055555
1055425
1055424
1056109
1055406
1055369
1056146
1055425
1055369
1055295
1055776
1055369
1055424
1055406
1057388
1056758
1056573
1056592
1057072
1056480
1056721
1056665
1057128
1056554
1060369
1060295
1065128
1060258
1063943
1064239
1062480
1086183
1073443
1060721
1060406
1079016
1064462
1057147
1055702
1055499
1056110
1055480
1055369
1055351
1055498
1055480
1055406
1055369
1055740
1055313
1055258
1055277
1056017
1055591
1055554
1056351
1056369
1055610
1055462
1055629
1055369
1055332
1055369
1056332
1055517
1055462
1055314
1055758
1055351
1055351
1055221
1055888
1055462
1055239
1056055
1055462
1055369
1055350
1058406
1056943
1056721
1056684
1056592
1062425
1058703
1057554
1057721
1057202
1057036
1057055
1057498
1057017
1056944
1058017
1057184
1056943
1056962
1057536
1057147
1056998
1056961
1057351
1057054
1056943
1056962
1057591
1056999
1056981
1057980
1057240
1056943
1056999
1057592
1057110
1056998
1056998
1057555
1057091
1056925
1057035
1057629
1056981
1057036
1057017
1057554
1057036
1056962
1057850
1057221
1057073
1057110
1057499
1057091
1056962
1056999
1057351
1056980
1056999
1056999
1057462
1057018
1057017
1057017
1057314
1057017
1057832
1058721
1057869
1057591
1057535
1058036
1057554
1057573
1057628
1058017
1057573
1057647
1057555
1058018
1057573
1057628
1058480
1057814
1057536
1057573
1058147
1057684
1057573
1057592
1057961
1057591
1057517
1057554
1058165
1057573
1058888
1057610
1058406
1057739
1057592
1058184
1057666
1057128
1057017
1057388
1056981
1057092
1057035
1057369
1057036
1056962
1056944
1057536
1057073
1056980
1057165
1057017
1056944
1056925
1057295
1057036
1056999
1056907
1057276
1056999
1057091
1056980
1057591
1057054
1056999
1057054
1057461
1057091
1057055
1057943
1057277
1057313
1058258
1057481
1057018
1056998
1056980
1057443
1056924
1057017
1057018
1057480
1056980
1056999
1056999
1057517
1057054
1057017
1057887
1057221
1057017
1056998
1057444
1057054
1057017
1056943
1057499
1057035
1057017
1056981
1057554
1057054
1056943
1057999
1057314
1057054
1057073
1057499
1057165
1057499
1057017
1057462
1056999
1056944
1057091
1056110
1055481
1055369
1055369
1057851
1057110
1056999
1057110
1057017
1056943
1057055
1057573
1056999
1056980
1056999
1057406
1057165
1057036
1056999
1057480
1056943
1057036
1058055
1057221
1057017
1057036
1057517
1057073
1057054
1056980
1057572
1057054
1057129
1056943
1057369
1055406
1055369
1055370
1057666
1057092
1057017
1057999
1057239
1057035
1057018
1057369
1057036
1056962
1057036
1057684
1057092
1056924
1056981
1057221
1057055
1057091
1057073
1057610
1057017
1056962
1057906
1057221
1057017
1056981
1057443
1057036
1056980
1057036
1057425
1057091
1057017
1057055
1055943
1055387
1055295
1022943
1057554
1057017
1057054
1057258
1057073
1057054
1057036
1057943
1057610
1057573
1057499
1058184
1057591
1057610
1057518
1058221
1057573
1057573
1058536
1057795
1057573
1057535
1058035
1057591
1057573
1057592
1057906
1057591
1057610
1058073
1057925
1057536
1057629
1057535
1057943
1057776
1057572
1057925
1057628
1057610
1057573
1057980
1057480
1057518
1057147
1058091
1057036
1056980
1056980
1057943
1057165
1057128
1058129
1057276
1056944
1056961
1057592
1057055
1057018
1057054
1057573
1057147
1056943
1057017
1057573
1057017
1057147
1057092
1057443
1057054
1057018
1057832
1057128
1057054
1056962
1057443
1057128
1056998
1057054
1057517
1057036
1057036
1057036
1057554
1057017
1057091
1057944
1057295
1057073
1057073
1057462
1057091
1056943
1057018
1057480
1057073
1057054
1057054
1057480
1057018
1056980
1057036
1057498
1056980
1057036
1057906
1057258
1057036
1057036
1057462
1057073
1057036
1056962
1057444
1056999
1057110
1057073
1057647
1057091
1057072
1056961
1057295
1056980
1056999
1057981
1057221
1056998
1056980
1056054
1055351
1055406
1055332
1057573
1057054
1057017
1056981
1057499
1057091
1057036
1057998
1057277
1056980
1056999
1057425
1057035
1057110
1057017
1057499
1057036
1057018
1057072
1057554
1057054
1056999
1056999
1057480
1057109
1057035
1057870
1057147
1056980
1057017
1057480
1057092
1057110
1056962
1057406
1056999
1057017
1057017
1057388
1057110
1057036
1056999
1057480
1057035
1056999
1057351
1057054
1056999
1056980
1057425
1057054
1057240
1057036
1057425
1057073
1057091
1056962
1057425
1057018
1057017
1058572
1057813
1057573
1057647
1057943
1057518
1057536
1057499
1056332
1055925
1055869
1055796
1058091
1057628
1057499
1057480
1057962
1057498
1057554
1058351
1057777
1057573
1057461
1057980
1057554
1057536
1057536
1057924
1057758
1057554
1057536
1058036
1057518
1057591
1057999
1057610
1057480
1057518
1057406
1057073
1057018
1057054
1057480
1056999
1057054
1056925
1057425
1057091
1057017
1056999
1057425
1056980
1056981
1057980
1057258
1056999
1057017
1057609
1056980
1057036
1056999
1057461
1057017
1057110
1057055
1057462
1057147
1057035
1057109
1057443
1057018
1057017
1057388
1057018
1057055
1056999
1057406
1057018
1056962
1057054
1057498
1057036
1057055
1057017
1057518
1057073
1056943
1057851
1057258
1057036
1057036
1057406
1057128
1056999
1056999
1057388
1056999
1057092
1056998
1057461
1057036
1056999
1057017
1057388
1056999
1056999
1057851
1057239
1057129
1056999
1057443
1057017
1057054
1057017
1057369
1056998
1057072
1057073
1057444
1056981
1056961
1057962
1057240
1057036
1056980
1057443
1057129
1056999
1057054
1057369
1057035
1057036
1057036
1057518
1057017
1057035
1057036
1057443
1057332
1057073
1057147
1057017
1056999
1056998
1057295
1057092
1056998
1057035
1057388
1057110
1057110
1057054
1057591
1057054
1057017
1056999
1057388
1057091
1057091
1057813
1057276
1056981
1056980
1057554
1057091
1057055
1056999
1057350
1057109
1057036
1056999
1057406
1057035
1057073
1057925
1057240
1056888
1057072
1057369
1057110
1057055
1057073
1057313
1057073
1057721
1057591
1058055
1057555
1057591
1057629
1057906
1057665
1057555
1058462
1057702
1057462
1057572
1058091
1057517
1057591
1057592
1057962
1057554
1057572
1057573
1058221
1057535
1057573
1058444
1057832
1057554
1057406
1058128
1057573
1057536
1057536
1056665
1055944
1055795
1055832
1058295
1057369
1057906
1057314
1057665
1057165
1057184
1057388
1057165
1057110
1057258
1057535
1057221
1057165
1057110
1057647
1057072
1057091
1057110
1057610
1057184
1057147
1057128
1057461
1057110
1056999
1057998
1057388
1057073
1057128
1057610
1057073
1057129
1057221
1057499
1057147
1057147
1057147
1057591
1057184
1057092
1058073
1057295
1057129
1057091
1057444
1057240
1057165
1057129
1057444
1057184
1057110
1057073
1057498
1057203
1057091
1057110
1057499
1057129
1057054
1058110
1057313
1057109
1072461
1063814
1059184
1060998
1059054
1058684
1059814
1060017
1059036
1072943
1064943
1082516
1146608
1058461
1056313
1055777
1055924
1055554
1055462
1055388
1056129
1055666
1055480
1055462
1056406
1055592
1055443
1029962
1066925
1060313
1058054
1057647
1056777
1056665
1059666
1057720
1057888
1056665
1056703
1057295
1056850
1056646
1056702
1057147
1056592
1057776
1064203
1057851
1056851
1056684
1057555
1056739
1059739
1056721
1058128
1056795
1056684
1056795
1057462
1056907
1059369
1057666
1057776
1056758
1059943
1059091
1058776
1059851
1058443
1059480
1059147
1058480
1058721
1059498
1059017
1062073
1056962
1057517
1056758
1056776
1057018
1056739
1056683
1056721
1057498
1056906
1056832
1056610
1056925
1056666
1056776
1056628
1057036
1056683
1056684
1056647
1057017
1056647
1056684
1056777
1056721
1057536
1057387
1057850
1057147
1057129
1057110
1057629
1057129
1057425
1057277
1057721
1057184
1057221
1058091
1057499
1057165
1057147
1057851
1057166
1057165
1057184
1057962
1057758
1057202
1057240
1057610
1057240
1057202
1057314
1057221
1057295
1057240
1057721
1057295
1057165
1057258
1057166
1057295
1057184
1057147
1057091
1056721
1056684
1056628
1057128
1056721
1056665
1056721
1056980
1056703
1056591
1056981
1056592
1056647
1056776
1057055
1056740
1056665
1056610
1056962
1056628
1056610
1056573
1057055
1056536
1056610
1057406
1056907
1056721
1056573
1057110
1056647
1056740
1056776
1057017
1056666
1056702
1056684
1057202
1056739
1056684
1060517
1059943
1057258
1057017
1057295
1057017
1056925
1056925
1057110
1056906
1056813
1056869
1057221
1056888
1056962
1056869
1057165
1056888
1056906
1057887
1057055
1056906
1056998
1057314
1056813
1056850
1056961
1057277
1056943
1056980
1056925
1057240
1056869
1056870
1056888
1057425
1056888
1056869
1057943
1057202
1056869
1056925
1057221
1056869
1056962
1056832
1057166
1056906
1056944
1056887
1057350
1056869
1056795
1056888
1057406
1056961
1056814
1057869
1057147
1056925
1056832
1057314
1062814
1057240
1057202
1058165
1057017
1057147
1056832
1057999
1056850
1057240
1057813
1057073
1056888
1057369
1057202
1056887
1056906
1056869
1057314
1056999
1056869
1056888
1057072
1056980
1056870
1056980
1057277
1056962
1056906
1057814
1057036
1056999
1056813
1057036
1057017
1056813
1056998
1057073
1056980
1056906
1056925
1057203
1056999
1056943
1057832
1057110
1056795
1056851
1057221
1056814
1056888
1056888
1057165
1056906
1056888
1057665
1057869
1057369
1057443
1057444
1057721
1057443
1057499
1058351
1057517
1057443
1057388
1057906
1058554
1057481
1057313
1057851
1057443
1057369
1057388
1057943
1057350
1057407
1057480
1057295
1057573
1057350
1057906
1057443
1057480
1057369
1058183
1057295
1057406
1057443
1057851
1057369
1057387
1057498
1057462
1057443
1057017
1057036
1056906
1056980
1056851
1057517
1056869
1056944
1056850
1056851
1056480
1056499
1060517
1058981
1057517
1057165
1057109
1056054
1055425
1055499
1057221
1056888
1056684
1056610
1057091
1056665
1056647
1056517
1057258
1056684
1056684
1056647
1057128
1056591
1056665
1056592
1057110
1056536
1056647
1057036
1056703
1056647
1056721
1056962
1056628
1056554
1056647
1057184
1056684
1056665
1056647
1057017
1056647
1056702
1057629
1056870
1056592
1056647
1057055
1056666
1056665
1056610
1056999
1056609
1056740
1056647
1056980
1056610
1056610
1056629
1057110
1056629
1056684
1057591
1056887
1056592
1056536
1057054
1056628
1056647
1056740
1056869
1056647
1056813
1056592
1057110
1056573
1056666
1057665
1056833
1056702
1056629
1056999
1056795
1056684
1056721
1056999
1056721
1056628
1056572
1056999
1056665
1056684
1056610
1057165
1056628
1056739
1057166
1055721
1055481
1055499
1057906
1057481
1057184
1057221
1057592
1057203
1057221
1057221
1057536
1057109
1057239
1057221
1057573
1057202
1057295
1058240
1057350
1057073
1057258
1057536
1057202
1057203
1057128
1057443
1057091
1057203
1057110
1057573
1057221
1057183
1058128
1057314
1057147
1057184
1057591
1057184
1057202
1057109
1057517
1057166
1057165
1057202
1057517
1057165
1057258
1057147
1057573
1057203
1057184
1058073
1058221
1058980
1057740
1058036
1057647
1057740
1057647
1057999
1057629
1057721
1057684
1058035
1057684
1057666
1058721
1057980
1057647
1057739
1058425
1057721
1057647
1057628
1057925
1057628
1057684
1057703
1058035
1057666
1057813
1057721
1058166
1057907
1057684
1058665
1057888
1057684
1057221
1057610
1057239
1057259
1057165
1057666
1057147
1057129
1057129
1057517
1057147
1057091
1057110
1057499
1057202
1057203
1058165
1057314
1057203
1057110
1057591
1057258
1057147
1057166
1057425
1057110
1057221
1057203
1057554
1057091
1057110
1058147
1057499
1057147
1057277
1057888
1057202
1057147
1057110
1057573
1057277
1057184
1057203
1057517
1057147
1057202
1057184
1057481
1057166
1057258
1058091
1057443
1057129
1057166
1057573
1057221
1057184
1057165
1057536
1057239
1057147
1057129
1057517
1057295
1057165
1058018
1057369
1057165
1057221
1057610
1057202
1057203
1057147
1057573
1057203
1057091
1057166
1057832
1057129
1057166
1057165
1057444
1057147
1057258
1058128
1057444
1057221
1057129
1057499
1057092
1057202
1057129
1057462
1057147
1057129
1057202
1057647
1057073
1057184
1057147
1057703
1057221
1057184
1057295
1057184
1057109
1057165
1057536
1057054
1057166
1057091
1057387
1057165
1057221
1057128
1057407
1057110
1057128
1057258
1057277
1057110
1057184
1057758
1057351
1057221
1057110
1057443
1057091
1057184
1057258
1057573
1057221
1057184
1057166
1057572
1057240
1057147
1058073
1057350
1057128
1057184
1057444
1057221
1057184
1057869
1058110
1057684
1057702
1057647
1058203
1057850
1057721
1058795
1057925
1058240
1057665
1058147
1057721
1057703
1057684
1058092
1057777
1057647
1057758
1058036
1057702
1057776
1057740
1057795
1057758
1057776
1058610
1057907
1057665
1057684
1058110
1057702
1057777
1057647
1057591
1057740
1057239
1057110
1057517
1057147
1057221
1057110
1057499
1057184
1057184
1058036
1057424
1057091
1057128
1057758
1057091
1057091
1057129
1057443
1057276
1057184
1057147
1057592
1057203
1057202
1058109
1057295
1057092
1057110
1057647
1057147
1057165
1057184
1057647
1057221
1057276
1057092
1057647
1057110
1057165
1057129
1057536
1057203
1057184
1058110
1057369
1057092
1057147
1057481
1057129
1057128
1057110
1057592
1057277
1057184
1057184
1057554
1057295
1057165
1058147
1057480
1057221
1057203
1057517
1057165
1057184
1057258
1057370
1057203
1057147
1057184
1057481
1057110
1057129
1057091
1057518
1057240
1057165
1058166
1057314
1057184
1057166
1057462
1057165
1057092
1057147
1057462
1057147
1057073
1057147
1057555
1057147
1057129
1057239
1057610
1057184
1057073
1058110
1057332
1057110
1057091
1057795
1057184
1057147
1057147
1057406
1056980
1056998
1057054
1057721
1057147
1057036
1058054
1057221
1057017
1057147
1057332
1057184
1057165
1057166
1057462
1057166
1057110
1057055
1057462
1057055
1057055
1057035
1057554
1057147
1057165
1057980
1057369
1057018
1057091
1057573
1056998
1056999
1057036
1057313
1057110
1057128
1056999
1057480
1057165
1057703
1058647
1057869
1057555
1057591
1058017
1057591
1057610
1057628
1057850
1057518
1057554
1057610
1057980
1057684
1057628
1057702
1058017
1057666
1057647
1058110
1057721
1057591
1057555
1058054
1057647
1057647
1057499
1058258
1057684
1057647
1057610
1057962
1057498
1057629
1057517
1057703
1057091
1057073
1057980
1057203
1057147
1057054
1057684
1057184
1057091
1057165
1057425
1056981
1057091
1057055
1057555
1057073
1057110
1057924
1057221
1056980
1056980
1057425
1057128
1057092
1057054
1057462
1057147
1056944
1057129
1057536
1057092
1057128
1057018
1057554
1057036
1057128
1057203
1057073
1057128
1056999
1057462
1057017
1057036
1057054
1057555
1056980
1057072
1057091
1057499
1056962
1057073
1057943
1057240
1056980
1057091
1057425
1057073
1056980
1057018
1057350
1057091
1057092
1056999
1057424
1057165
1057072
1057072
1057424
1057110
1057073
1058128
1057258
1057018
1057036
1057647
1057147
1057128
1057092
1057258
1057072
1057091
1056980
1057573
1057017
1057091
1057129
1057591
1057054
1057055
1057999
1057240
1057054
1056980
1057554
1057017
1057073
1057073
1057425
1057165
1057110
1057036
1057591
1057073
1056980
1058036
1057258
1057036
1057054
1057573
1057092
1057073
1057036
1057462
1057092
1057128
1057110
1057517
1057184
1057073
1057129
1057554
1057091
1057091
1057850
1057240
1056999
1057036
1057499
1057147
1057166
1057054
1057480
1057036
1057073
1056980
1057443
1057073
1057110
1058055
1057221
1057073
1057055
1057535
1057776
1057666
1057536
1057943
1057647
1057665
1057665
1058036
1057591
1057573
1057684
1057869
1057517
1057610
1057832
1057184
1057554
1057573
1058073
1057666
1057647
1057592
1057888
1057591
1057592
1057554
1057906
1058091
1057906
1057647
1058073
1057591
1057573
1057999
1057628
1057610
1057573
1057425
1057166
1057165
1057147
1057407
1057073
1057091
1057092
1057610
1057054
1057110
1058128
1057295
1057017
1056999
1057666
1057128
1057017
1057054
1057258
1057110
1057073
1057110
1057592
1057110
1057036
1057054
1057554
1057109
1057091
1057961
1057277
1057017
1057036
1057444
1056980
1057184
1057054
1057443
1057018
1057036
1057055
1057573
1057073
1057110
1057980
1057739
1057129
1057055
1057517
1057165
1057073
1056962
1057388
1056999
1057073
1057092
1057443
1057017
1056999
1057110
1057313
1057036
1057036
1057277
1058221
1058110
1057850
1057462
1057092
1057036
1057036
1057444
1057072
1057202
1057054
1057536
1057072
1057054
1057165
1057461
1057054
1057092
1057407
1057202
1057129
1056980
1057499
1057109
1057054
1057054
1057480
1057054
1057091
1056999
1057647
1057017
1057091
1057277
1057017
1057073
1057017
1057313
1057091
1057166
1056980
1057295
1057092
1057073
1057036
1057610
1057184
1057073
1057036
1057665
1057128
1057184
1057980
1057240
1057017
1057036
1057499
1057073
1057018
1057239
1057481
1057166
1057147
1057054
1057517
1057129
1057147
1058110
1057313
1057092
1057110
1057592
1056980
1057073
1057036
1057295
1057128
1057147
1057055
1057443
1057054
1056998
1057796
1057961
1057610
1057628
1058462
1057795
1057572
1057573
1058055
1057536
1057684
1057610
1057999
1057591
1057665
1057647
1058091
1057591
1057573
1059110
1058110
1057721
1057832
1058813
1057758
1057665
1057592
1058073
1057610
1057647
1057629
1057980
1057554
1058684
1057629
1058110
1057573
1057610
1057184
1057184
1057073
1057147
1057536
1057036
1057073
1057054
1057387
1057091
1057110
1057073
1057425
1057091
1057110
1057017
1057388
1057110
1057073
1058962
1057739
1057055
1057128
1057610
1057073
1057073
1057017
1057592
1057147
1057073
1057054
1057406
1057055
1057017
1058406
1057535
1057147
1057166
1057406
1057129
1057091
1057073
1057610
1057128
1057129
1057054
1057610
1057036
1060610
1059925
1058536
1057258
1057221
1059795
1057295
1056980
1057091
1060980
1057944
1057554
1057017
1058073
1059536
1057907
1058035
1057739
1057536
1058795
1059703
1058313
1056943
1057054
1057999
1057147
1056962
1057073
1057647
1057128
1057055
1057017
1057610
1057054
1057054
1057129
1057740
1057091
1057110
1057221
1057091
1057092
1057018
1057387
1057110
1057054
1057129
1057536
1057147
1057073
1057110
1057406
1057017
1057110
1057017
1057425
1057147
1057128
1057666
1057239
1057073
1057110
1057480
1057129
1057055
1057092
1057499
1057110
1057055
1056980
1057665
1057072
1057072
1057221
1057128
1057110
1057055
1057480
1057128
1057091
1057054
1057407
1057240
1057110
1057017
1057499
1057128
1057073
1057055
1057758
1057129
1057017
1058055
1057258
1057018
1056999
1057554
1057147
1057147
1057036
1057462
1057147
1057165
1056998
1057573
1057832
1057703
1057628
1058073
1057832
1057683
1058202
1057777
1057610
1057592
1058203
1057628
1057665
1057480
1058165
1062869
1060092
1061998
1060147
1061073
1061295
1059443
1076332
1061295
1060388
1060776
1058721
1057647
1057795
1058351
1057721
1057981
1057758
1058869
1057739
1057480
1058128
1057591
1057054
1057017
1057369
1057036
1057073
1057073
1057443
1057092
1056980
1057017
1058703
1057017
1056925
1057017
1057295
1056906
1057091
1057295
1057165
1057017
1056943
1055925
1055573
1055406
1055351
1055962
1055462
1055369
1055313
1058055
1057425
1057165
1057110
1057555
1057017
1057092
1057980
1057406
1056999
1056999
1057424
1062239
1060240
1059795
1072943
1064832
1060165
1057518
1058054
1056536
1057388
1120961
1058832
1056147
1055721
1056129
1055424
1055444
1055388
1056702
1055517
1055462
1055443
1055998
1055518
1055351
1055369
1055591
1055499
1055406
1058703
1057296
1057092
1056961
1057091
1057072
1057017
1057091
1057425
1056962
1057092
1056961
1056128
1055425
1055443
1013648
1057147
1056647
1056573
1057018
1056684
1056592
1056573
1056962
1056684
1056629
1056480
1057203
1056591
1056535
1056610
1056998
1056573
1056554
1057610
1056888
1056518
1056610
1056980
1056610
1056740
1056628
1056981
1056647
1056592
1056592
1057147
1056536
1056499
1056573
1056980
1056517
1056592
1056795
1056555
1056517
1056610
1057017
1056628
1056573
1056573
1057073
1056684
1056554
1056555
1056776
1056610
1056572
1057666
1056795
1056610
1056591
1056925
1056610
1056536
1056499
1056850
1056536
1056517
1056444
1056999
1056443
1056499
1056554
1056925
1056684
1056610
1057443
1056721
1056481
1056592
1056943
1056628
1056536
1056647
1056962
1056573
1056499
1056498
1056961
1056610
1056573
1056610
1056962
1057295
1057165
1058203
1057369
1057110
1057036
1057628
1057091
1057203
1057443
1057462
1057147
1057128
1057092
1057702
1057184
1057110
1057628
1057092
1057091
1057092
1057499
1056998
1057072
1057091
1057424
1057091
1057184
1057091
1057924
1057147
1057128
1057092
1056962
1057073
1057147
1058017
1057221
1057129
1057054
1057018
1056518
1056554
1056517
1056999
1056555
1056517
1056462
1057017
1056573
1056610
1056555
1057073
1056610
1056554
1056592
1056554
1056536
1056573
1056999
1056536
1056499
1056536
1057017
1056554
1056610
1056480
1057073
1056499
1056573
1057703
1056795
1056518
1056591
1057073
1056740
1056665
1056573
1057073
1056647
1056591
1056573
1057036
1056702
1056610
1056480
1057036
1056629
1056684
1057592
1056684
1056610
1056536
1056981
1056591
1056665
1056462
1056980
1056591
1056554
1056535
1056999
1056573
1056517
1057610
1056814
1056647
1056536
1056850
1056610
1056517
1056462
1057036
1056573
1056591
1056499
1057017
1056554
1056591
1056591
1056980
1056628
1056498
1057535
1056721
1056498
1056535
1057073
1056554
1056610
1056499
1056833
1056573
1056499
1056480
1057147
1056572
1056628
1056684
1056962
1056535
1056498
1057517
1056739
1056609
1056498
1057146
1056480
1056555
1056628
1056832
1056536
1056592
1056481
1057073
1056462
1056535
1057591
1056740
1056536
1056517
1057128
1056535
1056776
1056518
1056999
1056666
1056610
1056481
1057036
1056647
1056591
1056536
1056943
1056535
1056555
1056739
1056591
1056573
1056573
1056962
1056610
1056517
1056555
1056944
1056610
1056591
1056610
1057018
1056555
1056480
1056499
1057092
1056536
1056498
1057461
1056777
1056647
1057221
1057684
1057073
1057054
1057073
1057554
1057073
1057036
1057091
1057684
1057073
1057091
1057203
1057165
1057109
1057128
1057647
1057092
1057147
1057036
1057721
1057110
1057036
1057073
1057536
1057110
1057110
1057018
1056998
1057258
1057166
1057944
1057332
1057073
1057054
1057518
1057055
1057165
1057110
1056944
1057240
1057091
1056610
1057055
1056481
1056536
1056536
1056962
1056554
1056517
1056758
1056536
1056592
1056647
1057147
1056536
1056536
1056536
1057073
1056536
1056591
1056480
1056925
1056536
1056573
1057444
1056591
1056555
1056573
1057128
1057313
1056666
1056517
1056870
1056592
1056499
1056573
1057128
1056573
1056591
1056499
1056962
1056480
1056536
1057499
1056702
1056592
1056536
1057018
1056592
1056554
1056518
1057054
1056480
1056480
1056461
1057129
1056517
1056536
1056610
1056925
1056499
1056517
1056518
1056591
1056499
1056554
1056943
1056573
1056536
1056462
1057018
1056592
1056536
1056461
1057091
1056610
1056572
1057498
1056665
1056573
1056462
1056906
1056628
1056499
1056573
1056869
1056536
1056572
1056480
1057073
1056573
1056555
1056536
1057017
1056536
1056517
1057536
1056832
1056480
1056481
1056980
1056610
1056554
1056518
1056943
1056536
1056481
1056425
1057054
1056591
1056647
1057610
1056813
1056480
1056517
1056999
1056665
1056629
1056499
1056999
1056702
1056592
1056536
1057055
1056573
1056610
1056536
1056944
1056499
1056498
1057517
1056702
1056517
1056610
1057054
1056628
1056554
1056610
1056758
1056554
1056573
1056462
1056980
1056703
1056517
1056536
1057166
1056610
1056555
1057425
1056536
1056554
1056554
1056907
1056573
1056536
1056554
1056925
1056554
1056443
1057147
1057573
1057073
1057036
1057573
1057147
1057092
1057036
1057480
1057147
1057165
1057129
1057591
1057128
1057110
1056943
1057332
1056998
1057017
1057091
1057629
1057054
1057110
1058054
1057277
1057314
1057110
1057591
1057166
1057128
1057110
1057073
1057295
1057129
1057091
1057573
1057017
1057092
1057054
1057388
1057110
1056592
1057425
1056702
1056462
1056573
1056943
1056517
1056499
1056536
1057017
1056499
1056610
1056573
1057110
1056647
1056480
1057407
1056647
1056536
1056647
1056981
1056499
1056591
1056869
1056999
1056591
1056555
1056554
1057017
1056536
1056554
1056480
1056832
1056443
1056499
1057406
1056721
1056499
1056517
1056999
1056591
1056536
1056536
1057018
1056573
1056536
1056536
1057036
1056591
1056517
1056461
1056962
1056480
1056518
1057406
1056628
1056518
1056573
1056907
1056647
1056573
1056462
1057258
1056554
1056499
1056573
1056850
1056609
1056536
1057499
1056740
1056461
1056591
1056998
1056499
1056462
1056462
1056943
1056610
1056554
1056554
1057128
1056517
1056591
1056554
1056981
1056647
1056481
1057481
1056666
1056499
1056554
1056888
1056647
1056536
1056480
1056980
1056629
1056536
1056573
1057036
1056554
1056573
1056573
1056944
1056629
1056628
1057554
1057129
1056517
1056481
1056961
1056647
1056554
1056517
1057147
1056554
1056610
1056536
1057072
1056554
1056535
1056702
1056592
1056517
1056480
1056999
1056629
1056573
1056554
1056981
1056536
1056536
1056536
1057018
1056610
1056536
1056906
1056869
1056592
1056536
1056629
1056647
1056573
1056536
1056870
1056573
1056518
1056461
1056759
1056536
1056554
1056517
1056795
1056554
1056554
1062647
1057350
1057092
1057110
1057425
1057129
1057128
1057091
1057407
1057129
1057092
1057184
1057407
1057091
1057147
1057147
1056666
1056666
1056628
1069480
1061424
1057721
1057240
1057777
1058851
1057629
1057962
1057629
1057128
1057036
1057036
1057702
1057129
1057110
1056907
1057481
1057073
1056980
1058387
1057407
1057110
1057017
1057517
1057054
1056980
1056981
1057443
1057054
1056999
1057054
1057461
1057054
1056999
1058110
1057313
1057017
1057091
1057443
1057092
1057017
1056981
1057480
1057091
1057054
1057054
1057370
1057184
1057036
1056943
1056184
1055499
1055313
1057888
1056703
1056591
1056444
1056888
1056517
1056554
1056517
1057054
1056517
1056481
1056480
1056962
1056535
1056499
1063295
1057072
1056480
1056499
1057036
1057499
1057202
1057036
1057388
1056906
1057054
1056981
1057554
1057369
1057017
1056980
1057407
1056999
1056980
1058091
1057277
1057054
1056980
1057461
1056980
1056962
1057018
1057610
1056888
1057017
1057018
1057407
1057073
1056906
1056962
1057388
1057166
1056980
1058017
1057443
1056888
1057017
1057147
1057203
1057036
1057017
1057073
1056610
1056554
1056629
1057092
1056518
1056424
1057332
1056758
1056628
1056499
1056925
1056462
1056555
1057980
1057332
1056591
1056554
1056572
1056572
1058073
1057277
1057036
1057666
1057221
1057072
1057295
1055610
1055388
1055369
1055814
1055370
1055387
1055277
1057295
1056628
1056572
1059924
1058869
1057184
1056758
1056684
1057129
1056666
1056591
1056999
1056721
1056647
1056703
1056924
1056702
1056739
1056610
1056981
1056684
1056609
1056721
1057110
1056665
1056666
1058147
1056888
1056647
1056628
1057165
1056684
1056665
1056629
1057295
1056684
1056647
1056647
1057073
1056684
1056592
1056684
1057295
1056684
1056684
1057592
1057054
1056629
1056591
1057147
1056684
1056554
1056703
1057313
1056740
1056647
1056573
1057073
1056684
1056610
1056628
1057110
1056703
1056721
1057165
1056740
1056684
1056684
1057110
1056647
1056647
1056610
1056869
1056498
1056481
1056869
1057277
1056684
1056646
1057591
1056758
1056610
1056518
1057036
1056591
1056555
1056554
1056925
1056666
1056665
1056573
1056944
1056555
1056536
1056573
1057147
1056703
1056703
1057480
1056758
1056610
1056629
1057073
1056610
1059128
1057703
1057369
1056814
1056869
1056832
1057258
1056814
1056850
1057740
1056998
1056776
1056666
1057276
1056814
1056814
1056777
1057147
1056814
1056758
1056851
1057166
1056888
1056814
1056850
1057295
1056925
1056795
1057795
1057091
1056721
1056906
1057221
1056944
1056758
1056776
1057221
1056887
1056758
1056721
1057203
1057610
1057536
1057498
1057684
1057332
1057388
1058295
1057499
1057444
1057258
1058073
1057332
1057369
1057314
1057628
1057314
1057258
1057369
1057925
1057295
1057369
1058425
1057554
1057332
1057313
1057943
1057369
1057351
1057369
1057073
1057536
1057351
1057369
1057795
1057295
1057295
1057351
1057350
1057480
1057332
1057832
1057017
1058499
1056943
1058036
1056869
1056739
1057203
1057388
1056851
1056832
1056999
1057332
1056851
1056795
1057888
1057166
1056703
1056832
1057295
1056943
1056888
1056721
1057055
1056703
1056758
1056740
1057184
1056906
1056851
1056758
1057147
1056851
1056777
1057017
1056981
1056739
1056851
1057424
1056851
1056776
1056702
1057314
1056814
1056813
1056740
1057462
1056906
1056851
1056776
1057425
1056740
1056851
1057850
1057036
1056833
1056795
1057332
1056795
1056777
1056758
1057239
1056759
1056795
1056721
1057388
1056758
1056739
1057758
1057017
1056758
1056777
1057406
1056777
1056739
1056813
1057184
1056943
1056869
1056795
1057406
1056814
1056776
1056869
1057258
1056925
1056869
1057777
1057092
1056814
1056776
1057277
1056702
1056777
1056832
1057276
1056906
1056777
1056795
1057388
1056813
1056870
1056887
1057555
1056832
1070240
1094128
1057443
1056980
1229755
1057869
1057850
1101443
1057092
1057313
1056833
1057776
1058073
1056795
1056721
1056647
1057166
1056703
1056629
1056610
1057165
1056610
1056665
1056629
1057147
1056666
1056647
1056647
1056906
1056555
1056480
1057888
1056776
1056629
1056628
1057573
1058221
1056480
1057944
1057258
1056628
1056684
1056573
1056924
1056591
1056461
1057869
1056776
1056554
1056517
1057036
1056628
1056481
1056555
1057073
1056499
1056554
1056536
1056999
1056481
1056610
1056592
1057147
1056536
1056629
1057184
1056610
1056684
1056592
1057221
1056610
1056591
1056591
1057091
1056666
1056628
1134127
1057258
1056795
1056647
1057592
1056777
1062387
1067277
1058887
1057573
1057573
1057166
1057776
1057202
1057239
1057110
1058369
1057406
1057110
1057184
1057666
1057092
1057129
1057388
1057203
1057147
1057184
1057518
1057128
1057203
1057147
1055998
1055461
1055443
1055462
1057610
1057091
1057147
1058203
1057351
1057147
1057092
1057833
1057314
1057165
1057091
1057517
1057129
1057129
1057073
1057406
1057221
1057054
1057073
1057629
1057110
1057184
1058239
1057332
1057036
1057036
1057444
1057091
1057147
1056999
1057350
1057165
1057165
1057147
1057388
1057202
1057092
1057147
1057499
1057184
1057166
1058073
1057276
1057073
1057166
1055999
1055536
1055480
1055351
1057739
1056851
1056647
1056647
1056888
1056592
1056628
1057703
1071628
1060240
1057962
1056351
1055684
1056629
1055777
1056443
1055684
1055443
1055406
1057943
1057202
1057203
1057110
1057480
1057091
1057072
1057165
1057240
1057054
1056999
1057443
1057091
1056943
1056944
1057610
1057018
1056999
1057017
1057666
1056999
1057036
1064221
1057499
1057073
1057055
1057480
1057110
1056980
1057073
1057536
1057091
1057073
1057073
1057610
1056961
1057128
1057017
1055998
1055517
1055370
1057314
1056703
1056573
1056610
1056684
1056554
1056573
1066499
1061906
1058647
1060166
1060147
1060610
1060313
1059295
1059480
1059128
1056851
1070147
1229088
1056258
1055703
1056313
1057832
1056962
1060017
1058832
1062740
1059054
1058943
1065129
1059406
1057795
1058962
1058684
1071665
1059351
1307050
1058313
1055962
1055850
1055647
1055906
1055721
1055647
1513491
1057758
1056425
1056276
1056758
1056128
1056092
1070424
1059018
1057980
1057777
1058073
1057814
1057666
1057721
1058369
1057943
1057795
1057740
1058258
1057850
1057777
1057684
1058499
1057721
1057628
1058036
1057832
1057703
1057814
1058165
1057296
1057073
1057147
1057499
1057129
1062295
1057481
1058258
1057184
1057332
1057832
1057258
1057166
1057221
1056017
1055443
1055425
1055518
1055776
1055443
1055425
1055388
1057036
1061313
1057036
1056851
1057128
1056647
1056591
1057129
1056647
1056740
1056610
1056813
1056591
1056647
1056517
1057110
1056647
1056684
1056647
1056943
1056758
1056573
1056740
1056887
1056665
1056629
1057813
1056888
1056462
1056758
1057017
1056629
1056684
1056628
1057054
1056684
1056702
1056573
1057036
1056536
1056721
1056851
1056610
1056703
1056665
1057017
1056869
1056629
1056776
1057073
1056702
1056666
1056610
1057184
1056647
1056647
1056684
1057036
1056629
1056610
1057554
1056832
1056610
1056628
1056999
1056629
1056665
1056610
1057018
1056684
1056665
1056573
1057073
1056629
1056610
1056591
1056925
1056517
1056573
1057443
1056869
1056591
1056629
1056980
1056592
1056592
1056554
1056962
1056684
1056721
1056499
1056944
1056554
1056610
1057610
1056795
1056535
1056628
1056906
1056591
1056703
1056554
1056980
1056647
1056665
1056629
1057110
1056703
1056665
1056536
1056999
1056721
1056628
1057518
1056850
1056666
1056684
1056925
1056665
1056684
1056480
1057018
1056684
1056666
1056517
1057073
1056721
1056629
1056591
1057092
1056665
1056721
1057573
1056888
1056573
1056610
1056906
1056666
1056684
1056647
1056813
1056610
1056610
1056518
1056980
1057573
1057332
1058203
1057443
1057146
1057202
1058091
1057295
1057259
1057110
1057536
1057203
1057184
1057128
1057628
1057166
1057165
1057110
1057629
1056999
1057073
1057610
1057110
1057221
1057091
1057739
1057147
1057165
1057147
1057665
1057165
1056666
1057295
1057647
1057054
1057240
1058110
1057425
1057221
1056740
1057202
1056647
1056703
1056536
1057869
1057610
1057240
1057239
1056944
1056851
1056795
1056703
1057962
1056647
1056665
1056980
1056628
1056572
1056609
1057073
1056702
1056647
1056721
1056665
1056351
1056332
1057351
1057388
1056851
1056739
1056776
1057129
1056684
1056758
1056851
1056684
1056647
1056721
1057035
1056740
1056776
1056666
1057146
1057351
1056666
1056647
1057314
1056684
1056832
1056758
1056814
1056628
1056666
1056869
1056665
1056722
1056906
1056925
1060813
1062665
1056924
1057221
1057221
1056702
1056647
1057073
1056665
1060758
1058944
1057184
1057277
1057221
1057740
1056888
1056832
1056647
1057647
1056776
1056684
1056777
1058017
1056666
1056647
1056628
1057443
1056739
1056610
1057628
1065203
1059795
1057425
1057721
1057166
1056869
1056980
1057388
1056813
1056833
1056813
1057091
1056759
1056758
1057128
1056739
1056758
1056610
1057018
1056703
1056554
1056629
1056980
1056610
1056722
1056498
