3790030
3991046
1059890
6981163
1060556
1059539
1059723
1059445
1058816
1059130
5597594
1059150
1059261
1058686
1058039
1863692
3917324
1061260
1058223
3862585
1059353
1058779
1057001
4825532
1065797
1061241
1114685
4785532
1063316
1058353
1058890
1060908
3740587
1060575
1057501
1057334
3283872
1061353
1059131
3410685
1059501
6939275
1061927
1058501
1059612
1057742
1059816
1059260
1057150
1058946
2748177
1059501
3716088
1059353
1062520
3308724
1061316
1059187
4448557
1059687
1058816
1057242
4822903
1059761
1059150
1058761
1058890
1058705
6701890
1059150
1056982
1056797
1057890
1061983
1062130
3861252
1059335
1057612
1056927
3251910
1064853
6292990
1060076
1056890
1056630
1057334
1058482
1057001
5653333
1059094
1057094
1056613
1059613
1056909
4913993
1068520
1059168
1062260
6604410
1059094
1059112
1058464
1059871
1059056
1058798
5643501
1059242
1056816
1056779
1059242
3769253
1058741
1056853
5884108
1059205
1056668
1056742
1058520
3038265
1059168
1056927
6611188
1059372
1059094
1056779
1057335
1058631
1058557
5650500
1060094
1060723
1057927
1058187
3762031
1058761
1056946
1058242
4826402
1059205
1059075
1058224
4823199
1059001
1056779
1057853
1060835
3767753
1059150
1056668
5880978
1058872
1056908
1056593
1057427
1057834
6709446
1059260
1056428
1056557
1057298
1056724
6714724
1059631
1058964
1056834
1057390
1058742
1058705
1059057
4590110
1058964
1058834
1059075
4831606
1058983
1059390
1058668
4814736
1060038
1060353
1118482
2296389
1059334
5402930
1058927
1056835
1056575
1057409
3771087
1059020
1056760
1056538
4825681
1059075
1056556
1059816
1059168
3767105
1059131
1059334
1059094
4820718
1060224
1060075
1059723
1059964
1059946
6697261
1059149
1058854
1058816
1059520
1058742
1059261
1058890
4588462
1059205
1059113
1056798
4822569
1058705
1056816
1058946
1058631
3766142
1059890
1057519
5880478
1059446
1056816
1056705
1057371
1056649
6714261
1058964
1056724
1057760
1058242
1057186
1057094
5657445
1059261
1056557
1058779
1058779
1056872
6703001
1058594
1056853
1059002
1058982
1059853
1059909
1060057
4588277
1059094
1058501
1058575
1058705
1058446
6703743
1058686
1056853
1056612
1057316
1056667
6713576
1059038
1056593
1056705
1057297
1056668
2736974
1059353
6915572
1059149
1058797
1056816
1058946
1056798
1056687
5652019
1058945
1056742
1059020
1059242
1058779
6707483
1059001
1058760
1058372
1057390
1056593
1056613
5653648
1058871
1057057
1056649
1057353
3768679
1059335
1056964
5882514
1059112
1056779
1056650
1057334
1059038
6710094
1058724
1056686
1088630
1058983
1058983
1064760
4063341
1061353
1057816
1057705
6372247
1060557
1059020
1058946
1058464
1059612
6701649
1058779
1056724
1056686
1059297
1056964
1059075
5652889
1058797
1056686
1056575
1059076
1056872
6710187
1058502
1056723
1056668
1059094
1058686
1058723
1059094
4593018
1058668
1058742
1056742
4825440
1059205
1056890
1056556
4826533
1060556
1057575
1057334
1057983
3765808
1058853
1056761
5882237
1059204
1057001
1056742
1058686
3771475
1058890
1056686
5880645
1058834
1056668
1056594
1059056
1056779
6716279
1061428
1059797
1058613
1057575
1056724
1058408
5641815
1058687
1056687
1058187
1057538
1056779
6711780
1058909
1056927
1056539
1057131
1057149
6713797
1058742
1056927
1057797
1058131
1057353
1060835
1060260
4588813
1059075
1058464
5880108
1059167
1057871
1057371
1057816
1056964
1058983
5650833
1058501
1056797
1056539
1057279
1056724
6713945
1058723
1056631
1056556
1057427
1056612
6713464
1059075
1056797
1058798
1058816
1058390
1058576
5648223
1058742
1056835
1058964
1057650
3768698
1059001
1056872
1056686
4826291
1059483
1060427
1059483
4820106
1059112
1056945
1058279
1057316
3767587
1059057
1056761
5881812
1059020
1056797
1056631
1057242
3771494
1059113
1059149
1059002
4823292
1059964
1058612
1059798
1059964
3760253
1059205
1058909
5879811
1058723
1059353
1059057
1059298
1058909
1058575
1058631
4588536
1058964
1058705
1057445
4826995
1058705
1057168
1057020
4825402
1059927
1057279
1057224
4823903
1059260
1057093
1057260
1059760
3766401
1058890
1057261
5881348
1062260
1057445
1060390
1061482
3760438
1060186
1058001
1057742
4823773
1058556
1056983
1059187
1057594
3765901
1059223
1058742
5883811
1059834
1060316
1059038
1058946
1056982
6702594
1062094
1065427
1065705
1067372
1067890
1063779
5632741
1064445
1067020
1063409
1063297
1059390
6671928
1064909
1061279
1058557
1059686
1063019
1068427
5627722
1071279
1066075
1064223
1063445
1062538
6665428
1061761
1058890
1058612
1058630
1056835
1058575
5630389
1059279
1057020
1056871
1057668
1056816
6710409
1059482
1057075
1056779
1058779
1057242
1057835
5652112
1058705
1057075
1057131
1057279
3774809
1060057
1057168
5877663
1059465
1059464
1056631
1059112
1058835
1058853
5644371
1058538
1056594
1058334
1057223
3768994
1059168
1056650
5883071
1059075
1059576
1058797
1058742
3766124
1058927
1056779
1056390
4826958
1059094
1059575
1058909
1059020
3762235
1059964
1057465
1058964
4824699
1059112
1059816
1059057
1059187
1058834
6701835
1058927
1058316
1056798
1059260
1058131
1058742
5647185
1058649
1059130
1058761
1058816
3765605
1058853
1056723
1056576
4827977
1059613
1059001
1059001
1058834
1056909
6704372
1058909
1056631
1058779
1058853
1058704
6706224
1058853
1058445
1056853
1057371
1056630
6711075
1059464
1056982
1056742
1058575
1057539
1060057
5650444
1058890
1058334
1056612
1058630
3767383
1059279
1056742
5882422
1059205
1058390
1056742
1058557
3767624
1059186
1056668
5882534
1059001
1056668
1056519
1057372
1056668
6720242
1061557
1056835
1059038
1059076
1058427
1058538
1058593
4581425
1059650
1059020
5887274
1062834
1061556
1059779
1059094
1060779
6699779
1061353
1059335
1058687
1060742
1138704
1059075
5549835
1059446
1056760
1058520
1057890
1056761
6708502
1059446
1056964
1056835
1057409
1056705
6718538
1109482
1062705
1056964
1058631
1056723
1056705
5596945
1061038
1057464
1059834
1058205
1057427
6698909
1059853
1059335
1058927
1057483
1058594
1058612
1059409
4589185
1059150
1058853
1058556
1058816
3763642
1059409
1058724
1058686
4823254
1060649
1057686
1057316
1058260
1057612
3539017
1059668
1057316
5051306
1059594
1097834
1060057
1059372
3723310
1059167
1058501
5878330
1059130
1056853
1056853
1057372
1056705
6713909
1059538
1056835
1056724
1057261
1056631
6710965
1060168
1059279
1056687
1057557
1060039
6705335
1059224
1056816
1056556
1059038
1058946
1058408
5650353
1059890
1059168
1057131
1058223
3765827
1059113
1056742
1059038
4826569
1059057
1056668
1056575
1057039
3768642
1059372
1056761
1058927
4824828
1058742
1056983
1058298
1057316
1056630
6709002
1059057
1056761
1056520
1057445
1059001
6711613
1059056
1059001
1056724
1058149
1058983
1059224
5648741
1059186
1059076
1058983
1058964
1058945
1058742
1058779
4588073
1060186
1058724
1059168
4819496
1058742
1058557
1058575
1057631
3797308
1061687
1058761
1057667
4805032
1062057
1057261
1056871
4809996
1059501
1056872
1059279
1059131
1058835
6702428
1059131
1059668
1058816
1057613
1056761
1059704
1058964
4589314
1061112
1060502
1059075
4818995
1059279
1058982
1058538
1059224
1058891
6703057
1058872
1058631
1058853
1057409
1056797
1058705
5650741
1058798
1056853
1058853
1058686
3766401
1058835
1057039
5882441
1059223
1056779
1056742
1057520
1056779
6712002
1059112
1056946
1056501
1057409
1056649
1058779
5654630
1059131
1056594
1056501
1058705
1058668
6716760
1060130
1059353
1057390
1058205
1060056
1059891
1060112
1059519
3519868
1058835
6939775
1059038
1056835
1056631
1057409
1056668
6709335
1059334
1056890
1056557
1057316
1056760
1058761
5654852
1059168
1058408
1056798
1057223
1056760
6711316
1059446
1057038
1056612
1057482
1056853
6710872
1058872
1056798
1056687
1057390
1059242
1058705
5651297
1058853
1056760
1056538
1057575
3771290
1059279
1057038
5881941
1059704
1058483
1056724
1058909
1058890
6706502
1059001
1058649
1058686
1058668
1058353
6706001
1058723
1058742
1058390
1059094
1058594
1058557
1058501
1058539
3531998
1059168
1056890
5881533
1058816
1058317
1056594
1057261
3769254
1059242
1056631
5882145
1059076
1056631
1056483
1057650
1056649
6712946
1059113
1056742
1056483
1057538
1057019
1058983
5653426
1058612
1056742
1056557
1619863
7208197
1059057
1056983
1058168
1057353
1056742
6710038
1059390
1056779
1056538
1057612
1059316
1058760
5650427
1058760
1057001
1058538
1057464
1056742
6711020
1058779
1056705
1056668
1057168
1056556
6713187
1059131
1056908
1056483
1057576
1056724
1056631
5657778
1059835
1056705
1056501
1059130
3767660
1060316
1057427
1056927
4824032
1059020
1057001
1058112
4826051
1058853
1057187
1059409
4823847
1060020
1059427
1057594
1060575
1059872
6699890
1058797
1057057
1058853
1058723
1059890
1064316
1060224
2180409
6400469
1058983
1056705
1059538
1058945
1058705
6706205
1058538
1056835
1059427
1059113
1056797
1056686
5652241
1065445
1069668
1064872
1061687
1066742
1063557
5624038
1066593
1058298
1058186
1060742
1058279
1717694
4963067
1059131
1057002
1056631
4828087
1059223
1057186
1057075
1057557
3768382
1059353
1056890
5881441
1059446
1059223
1058816
1057538
1057261
6709168
1059204
1058890
1056834
1057298
1058557
1058705
5646630
1059076
1059113
1058742
1059409
1058649
6703965
1060409
1060223
1060131
1060020
1060297
1060242
1059928
1059001
3521628
1058909
1059075
1058816
3608293
1059260
1059020
1058835
6035975
1058817
1056649
1056575
1058797
1056927
6710483
1059390
1056779
1058001
1060279
1060020
1060001
5645612
1059094
1059149
1058668
1057575
1058501
1058316
5646705
1058557
1056613
1056594
1059205
1058760
1058297
5658852
1058779
1059094
1058428
1058835
1058650
6696576
1058668
1059297
1058816
1058631
1058575
1058261
5647112
1058853
1056724
1056687
1057502
3771587
1059131
6938349
1059205
1056853
1056686
1057242
1056742
1056575
5656204
1059334
1056760
1056538
1057149
1058816
6710279
1059075
1058538
1058872
1058890
1056723
1056519
1058557
4594795
1059316
1058945
1058557
1058760
1058575
6705132
1061057
1057593
1057316
1061094
1057334
1058761
5643556
1058686
1056612
1056742
1059298
1058613
1058539
5650760
1058705
1058223
1056686
4825866
1059279
1056650
1056483
1058983
3767975
1059372
1056872
5882515
1059168
1056761
1056594
1057335
3771050
1059575
1056890
5882996
1059612
1059094
1056909
1058964
1058353
1058668
5647648
1058890
1056816
1058668
1057483
3767105
1059205
1058834
5880367
1058816
1056816
1056723
1057372
3771254
1059464
1056798
5881737
1058908
1056854
1058409
1057687
1056854
6710909
1059094
1056760
1056650
1057445
1056427
6712187
1058908
1056834
1056519
1057464
1056483
1058797
5654593
1058631
1058001
1060427
1058594
1059891
1316367
5387782
1059075
1056853
1056576
4827403
1059353
1057001
1056742
4826014
1059205
1056965
1059242
1058686
3765142
1060131
1057539
1057371
4824959
1059076
1058316
1056649
1059279
1058705
1058687
5647019
1058797
1057983
1060001
1059075
1060279
6703038
1058964
1058687
1059038
1059168
1058946
1058631
1058871
4589129
1059205
1058946
1060261
1060242
1060168
6698095
1059001
1058816
1058760
1057465
1056816
1058909
5664297
1059205
1058483
1056908
1058853
3752865
1058908
1056908
5882589
1061020
1057576
1059131
1058242
1057335
6706112
1058816
1058686
1058705
1057501
1056593
1058556
5649500
1058834
1059038
1056909
1057427
1058890
6708428
1058927
1058317
1056816
1057334
1056668
6710224
1059038
1058667
1056631
1058612
1056612
5863108
1061335
1057187
1056686
1056797
4617387
1059001
1058371
1056872
4823736
1060112
1057001
1056668
4825236
1059501
1058353
1056742
1057557
3766790
1059242
1057057
5881663
1060501
1057761
1059001
1057520
1060075
6705409
1059408
1058909
1057075
1058853
1059353
1059612
1058797
1059242
3529516
1059242
1058983
5879015
1059334
1058834
1058835
1058927
1058816
6712983
1058834
1058760
1058390
1058538
1058520
6698335
1058705
1059039
1058613
1058834
1056686
1058705
5648241
1058798
1056834
1056612
1057205
3771772
1059335
1057038
1056723
4826366
1058724
1056871
1056742
1057483
3769235
1058945
1056816
1056427
4827199
1060705
1060575
1059816
1058964
3760809
1058965
1056779
5881886
1059297
1056964
1059001
1058946
1058723
6707058
1059538
1058538
1056742
1058816
1058298
1059076
5645816
1058835
1058890
1058982
1059150
1059131
1058668
1058557
4589314
1058649
1058649
1058483
4823922
1059020
1056779
1056686
1059501
1061649
6723094
1062483
1060076
1063353
1065057
1059131
1059797
1109223
4504722
1059298
1056798
5879701
1060242
1056983
1056557
1057483
1059575
6707650
1058908
1056890
1058353
1057353
1056983
6711927
1059760
1058334
1060168
1058835
1057019
1058797
5646648
1059297
1059723
1056798
1057520
1058927
6705279
1059705
1058797
1056834
1058612
1056853
6707594
1058742
1056724
1058353
1057483
1056742
6710668
1059464
1059279
1056891
1058927
1056686
1058446
1058612
4592962
1060705
1057205
1057464
4823254
1059150
1057150
1056705
1059168
3772439
1059168
1056835
1690879
4192172
1059427
1061279
1058649
4819088
1059094
1060446
1059668
1058853
3759105
1061167
1058964
5876571
1058890
1059908
1058613
1058872
1059002
1058724
1058761
4590758
1060464
1058742
1056909
4820922
1058724
1056742
1057965
4826365
1058816
1056650
1056613
1058297
3768050
1059094
6939924
1059242
1056964
1056705
1057297
1056668
1059187
5652353
1058853
1056723
1056631
1057205
1056890
1059076
5653926
1058760
1058853
1058667
1058687
1061446
3021766
1059408
6621299
1058797
1056742
1056779
1059724
1059446
6708760
1059205
1057242
1056871
1059038
1058686
6707446
1058983
1056964
1056779
1058723
1056723
1056705
1060224
4609925
1063723
1059020
1058668
4816977
1060983
1056890
1059335
1058853
3751587
1060094
1057001
5879385
1059872
1056723
1056575
1057371
3769808
1060686
1057965
1058113
4824236
1059223
1056575
1056723
1059371
3765327
1059131
1059093
1059538
4823977
1059835
1064575
1057446
1059150
3758679
1058871
1058630
1058519
1058835
3763550
1058667
1056798
1059057
4823754
1058909
1056761
1056631
4826162
1060593
1057464
1056927
1058779
3771050
1059038
1056520
1058779
4821329
1059390
1059149
1056964
1058927
3764198
1059149
1059057
1058872
1059279
3763254
1058928
1058872
1061871
4820236
1058760
1057964
1057428
1058260
3766661
1058871
1059094
5879552
1058742
1056650
1056538
1059390
1056908
6711427
1058964
1056723
1131555
1057798
1056853
6637411
1060594
1059261
1058687
1060335
1059649
1058742
5642223
1058853
1059205
1058390
1058798
3773180
1061261
1057150
5872812
1060501
1056742
1056519
1059353
1058501
1058390
1058408
4592092
1060353
1057576
1059279
1058038
1057631
6707317
1058853
1056650
1059186
1058816
1058520
1058668
1058446
4587685
1058835
1056927
1058186
4825884
1059575
1059168
1058594
4821422
1058594
1056650
1056798
4827847
1059242
1056946
1059094
1059501
3766457
1059002
1056909
5881423
1060131
1057779
1057317
1058112
1057168
6707057
1059094
1056871
1056575
1057242
1056649
6714391
1058835
1056816
1058427
1057649
1058854
1058835
5648908
1058723
1059130
1058835
1059113
1058946
1058890
5645667
1058964
1058872
1058519
1058983
1058798
1108871
5595390
1059038
1058890
1056668
1058557
1058576
6712631
1058945
1056779
1056668
1057409
1056650
6706446
1059519
1057112
1056890
1057390
1056705
1056650
5655390
1060464
1058502
1056483
1058334
1057520
6707669
1059150
1056705
1056483
1057317
1059335
1059001
1059019
1059057
3534313
1059242
6939073
1058871
1058909
1058668
1059001
1058612
1058464
5647686
1060112
1057631
1057113
1058131
3766402
1059205
1058482
5880811
1059094
1056872
1058964
1059205
1058927
6706594
1058816
1058890
1058705
1057483
1056668
1058742
5649500
1060298
1059576
1056964
1058075
3766827
1059353
1056612
1056613
4832384
1059316
1058816
1056797
1058724
3760401
1059019
1056853
5881737
1059242
1056539
1056631
1058909
1058353
6709001
1058890
1056742
1058261
1057520
1056650
6711279
1059057
1056631
1056520
1058556
1056816
6711224
1059057
1056631
1056612
1059131
1057057
1058964
5652389
1059205
1058853
1059205
4824088
1058927
1058687
1056854
1058612
3766253
1058927
1057020
5882145
1059223
1056946
1056575
1058705
3768753
1058964
1056760
1056576
4827088
1058853
1056668
1056594
4827365
1059205
1056871
1056594
4827959
1059298
1057019
1059001
4823829
1060186
1057594
1060335
1060112
1059742
6699224
1058927
1058835
1059001
1057465
1058594
1058594
1058705
4590203
1059002
1058871
1056742
4825217
1058872
1056946
1056631
4827125
1059446
1056743
1056575
4825884
1058927
1056798
1058945
1058946
1056686
6708446
1060001
1058909
1058075
1060075
1059816
1058816
5644686
1058613
1056761
1162074
1059038
3663884
1058872
1058205
5880867
1059038
1056834
1056649
1057556
1056705
6711872
1060150
1057557
1057353
1057964
1059316
1060890
1059761
4587314
1058890
1057002
1059150
4828588
1060242
1060131
1059464
1057742
3758068
1058853
6938238
1059205
1056853
1056816
1057520
1056742
1056668
5655741
1059316
1056575
1056705
1059224
3768809
1058927
1056705
5883108
1059427
1058613
1056631
1057390
3769068
1059075
1056946
5881071
1059093
1058093
1057501
1060075
1059760
1058834
5646074
1058927
1056760
1056539
1058539
3770087
1060556
1057686
1059130
4821514
1059075
1058945
1058946
1058779
1058520
6703890
1059260
1059075
1058890
1058983
1058724
6704354
1058908
1056798
1056668
1057483
1056742
1056649
5659593
1058964
1056890
1058835
1059168
3763642
1058871
1056687
5882886
1059483
1058297
1057408
1057631
1059056
1058631
5649630
1058687
1056872
1056668
1057334
2904452
1059630
1056946
6746501
1059316
1056761
1058205
1057408
1056631
6710760
1058983
1056872
1056705
1057279
1057779
1056705
5654408
1059482
1057001
1058909
1058872
3768180
1058927
1056761
5882108
1059316
1057113
1056705
1058687
3767457
1059353
1056946
5881868
1060186
1057538
1056945
1057465
3768328
1058816
1056761
5883071
1058927
1056946
1059186
1058872
1057038
1058687
5650537
1058760
1057002
1056631
1057445
1056612
6711446
1059538
1058853
1058835
1059094
1059983
6703965
1059020
1058908
1058520
1058686
1058631
1060167
5646926
1059075
1058705
1058853
1058816
1058835
6704205
1058760
1059538
1058779
1058872
1058631
6703909
1058556
1057538
1057075
1057427
1056853
1057260
5654426
1058650
1057001
1056983
1057298
3770531
1058853
1057223
1057020
4828403
1060742
1057779
1058668
4834236
1060982
1056520
1057020
1059668
3755717
1059520
1056649
5690167
1094205
1068650
1057594
1062538
1058834
6847463
1060335
1057057
1056946
1060446
1059742
6701743
1058983
1057168
1058835
1057279
1058594
1058872
5649871
1058834
1056835
1056890
1057446
1056872
6711039
1059686
1057020
1056761
1058539
1059631
1057409
5650778
1058779
1056853
1056779
1057205
3770346
1059297
1057019
5882645
1059538
1057039
1056686
1057242
1056946
6711001
1059205
1057001
1057001
1057279
1058223
1058927
5651315
1059168
1069353
1099667
1058076
1059428
5904311
1063038
1058946
1056965
1058575
4514241
1059112
1057020
1056631
1057576
3768661
1060502
1059316
5878423
1059187
1056686
1056650
1059372
1058927
1058780
5649260
1060205
1059353
1057464
1058205
3774698
1064260
1062316
1059113
4819199
1062631
1060871
1061316
1381515
1427662
5980291
1059520
1057390
1059408
1059038
3767049
1061260
1059946
5880367
1059798
1060649
1058761
1057372
1058650
6697076
1058890
1056724
1058409
1057261
1057854
1060631
5649315
1059168
1056890
1058372
4826366
1060427
1057519
1059298
1058113
3763217
1059168
1059446
1058649
1058761
3764291
1058909
1058502
5880645
1059353
1056816
1056649
1058946
1058538
6708983
1059279
1058853
1058835
1057519
1056779
1059242
5648242
1058816
1056983
1058594
1058686
3767402
1058835
1056613
5882423
1059112
1056834
1056594
1058520
1058928
6708964
1058816
1059334
1058409
1059002
1058557
1058353
1058409
4591740
1058983
1056779
1058242
1057279
3767180
1059205
1059187
5878367
1058871
1056908
1058260
1057612
3768660
1059205
1056853
1056576
4840773
1058983
1058390
1056779
4813514
1059205
1058575
5878626
1059057
1056724
1058927
1057353
1056798
1058779
5652982
1058927
1058316
1056928
1057261
3776235
1063223
1060649
5868978
1059260
1056816
1056871
1058724
1056835
6708076
1059779
1056816
1056649
1058872
1056853
6711742
1059446
1059279
1058816
1059131
1058520
1058594
5643556
1060261
1060427
1058946
1058260
1062279
6714594
1062390
1057390
1059483
1060908
1057131
1058705
5629482
1059224
1059650
1058668
1058909
3765606
1059760
1056834
1056761
4823181
1060649
1057779
1057297
1058168
1057483
4234709
1184980
1060001
1058428
3168244
1060316
1056835
5881553
1059891
1056650
1056631
1057224
1059390
6709243
1059853
1059335
1057650
1060779
1060298
1058946
1058519
4585499
1058908
1088816
1057871
4795274
1059168
1058057
1059853
1060223
3761958
1059002
1058835
5878164
1058575
1056853
1059205
1057612
1056816
6712687
1059112
1056723
1056631
1057279
1056649
1056464
1056538
1057205
3541424
1060150
1060372
1058779
4820403
1059038
1059094
1058761
1058817
3765031
1058742
1059168
5879756
1058556
1056687
1056557
1057576
1059297
1058668
5651834
1058538
1056631
1056687
1059094
1059223
6708946
1059279
1059019
1058760
1058797
1058668
1667973
5028141
1060649
1056983
1057464
1058705
3774161
1059724
1059353
5868775
1058945
1056760
1056816
1057446
1056853
6715020
1058890
1056835
1056613
1057334
1056557
1056575
5653907
1059390
1056853
1056705
1058649
3769068
1059205
1056798
5883330
1059131
1056853
1056464
1057335
1059149
1058705
5650760
1058853
1056872
1058223
1057279
3769161
1059483
1056705
5882164
1059168
1059001
1058556
1058779
3765290
1058760
1056668
1058242
4825254
1060372
1059131
1056650
4823218
1059039
1056890
1058965
1057335
3768142
1059001
1056705
5881442
1059149
1056668
1056520
1057316
1056575
6714094
1058853
1056891
1058945
1058705
1058797
6706187
1058761
1056742
1056649
1057409
1056538
1056483
5657926
1059279
1058408
1056668
1058519
3766494
1059001
1059205
5880904
1059001
1056724
1058927
1058779
1057223
6708168
1058834
1056705
1056687
1057390
1056835
1056798
1058409
1059260
3539202
1058760
1056742
1058816
4825403
1058779
1056853
1058261
4824774
1059112
1059260
1058834
1059020
3764642
1059001
1056742
5880794
1058816
1056742
1058872
1059076
1056853
6709409
1060242
1060186
1058779
1058723
1059797
1058761
5647279
1059113
1056797
1056575
1057465
3765624
1058983
1056890
5882201
1059223
1056853
1056760
1058724
3770087
1058983
1059242
5879367
1058779
1056835
1056576
1057409
1056613
1056501
5656501
1059168
1056575
1056427
1057279
1058279
1056816
5654611
1058723
1058854
1058853
1058983
1059150
1058909
5645148
1058853
1058131
1058742
1057446
3767420
1058871
1056724
5884441
1058982
1058482
1056556
1057149
3766938
1060483
1059427
1057371
4822977
1059483
1056779
1056650
1057205
1056668
6712187
1059149
1059482
1072353
1065649
1077279
1073798
5641057
1075187
1064538
1071057
1063797
1060575
6626152
1062057
1064261
1061094
1061520
1063816
1072186
1073445
4554315
1071390
1072094
1068408
4776903
1074575
1061872
1074056
1062056
1060520
6651521
1060093
1060001
1059668
1059872
1059761
1059927
1059557
1059908
3520943
1059316
6938683
1060612
1057520
1060446
1059945
1059909
1060056
1060760
1060556
1060168
6458080
1059316
1058908
1058927
1059001
1058612
1058631
1058909
4588147
1059131
1058835
1059020
1058909
1058816
6702261
1059612
1057020
1056575
1058890
1056817
6712835
1060168
1059112
1058704
1058927
1058835
1058464
3226577
1087815
5329062
1060409
1056983
1056779
1057613
3767587
1060260
1056946
5880627
1059317
1056853
1056687
1057445
1056779
6713464
1059149
1056705
1056557
1057390
1056593
6711520
1059297
1056964
1059872
1059131
1059372
1058779
5646667
1059427
1058964
1058557
1058817
3766883
1058890
1056668
5879405
1060482
1059316
1057872
1060149
1059686
1059445
5643278
1058834
1056668
1056705
1058631
1056797
6711206
1059186
1056890
1056575
1058668
1057557
6709391
1059038
1056743
1056631
1058668
1056871
1056705
1056483
4605796
1059131
1056686
1056760
4821088
1058724
1059020
1058927
1058724
1058372
6703947
1059187
1058835
1058501
1058483
1058650
1058575
1058538
4589166
1058723
1056650
1056668
4827718
1059002
1057001
1056686
1057186
3768939
1059519
1059260
1058797
4822273
1058742
1058019
1058909
4823681
1059057
1057038
1056779
4826144
1059020
1056705
1056576
1057131
3770235
1059242
1058667
1058779
4823088
1058982
1057149
1058908
1058965
1058705
6705298
1058631
1056612
1056613
1057076
1056483
6712817
1059186
1056798
1056724
1057297
1056557
2732382
1059483
6921720
1059798
1059168
1056853
1059075
1058705
1059112
1058519
4589407
1058779
1056890
1058668
4825773
1058890
1056946
1056575
4825144
1059335
1056705
1057612
4826200
1059539
1056742
1056649
1058446
3767457
1059205
1056853
5881978
1059335
1057890
1057446
1057909
3768623
1058761
1059020
1058724
4822755
1058890
1058946
1058723
1059149
3764142
1059205
1058797
5879608
1058705
1056798
1058427
1059205
3767513
1060131
1059390
1056983
4822644
1059168
1056631
1056539
4828625
1059353
1056909
1056779
4825699
1058909
1056760
1056612
4827384
1059464
1057464
1059372
1058742
3764032
1059076
1058539
5880608
1059150
1056760
1056649
1057464
3770791
1059001
1056668
5882182
1058797
1056983
1058834
1057205
1056835
6716761
1060779
1056835
1056761
1057075
1056557
6706131
1060464
1056705
1056742
1059891
1058835
1056928
5648593
1060038
1056927
1060409
1059260
1058149
1059686
5646982
1059168
1059057
1058723
1057298
1056742
6707280
1058834
1056964
1056613
1057354
1056687
1057816
5653112
1059724
1056557
1056409
1057297
1058298
6710909
1059427
1056816
1056686
1057575
1056761
1056520
5655297
1059149
1056909
1058445
1057297
3768716
1059001
1059057
1058613
4824477
1058816
1058631
1059113
4822014
1060149
1057020
1056724
4825384
1059427
1059224
1059038
1058797
3764272
1062871
1059205
5890478
1063650
1058168
1058223
1061316
1060446
1056853
1059001
4569259
1059927
1061316
1059927
1059316
1671047
1112445
4974622
1058946
1057094
5880015
1059298
1056909
1057946
1058353
3770049
1059205
1059279
1057001
4821662
1060945
1058760
1056816
1058742
3765142
1058872
1056834
1056687
1057649
3768531
1059242
1059020
1058705
4823329
1060242
1059982
1057612
1059779
3760754
1059464
1058575
1056834
4825421
1059075
1058724
1058538
1058723
3764161
1058946
1056668
5883108
1059835
1056908
1056816
1059390
3769161
1059001
1058983
1059779
4819884
1059130
1056816
1056594
1057316
1058316
6709873
1060279
1059316
1057316
1060261
1057668
1059761
1060057
4585574
1059113
1058408
1059094
1059242
1058501
6704039
1059075
1058964
1058594
1058835
1058890
1058557
1058576
1058705
3528794
1059168
1058557
1058705
4823699
1059001
1059039
1058779
1058890
1058834
6703150
1058928
1058353
1056742
1058871
1058687
6707835
1058668
1056853
1058501
1057668
1056871
1056668
5653871
1060205
1059223
1058002
1058927
3764086
1058779
1056816
5883163
1059334
1058520
1056668
1057131
1056557
6710150
1059038
1056686
1056483
1058576
1056724
1056686
5655001
1059020
1056834
1056613
1057445
1057927
6711854
1058779
1059557
1059372
1057538
1060742
6714872
1061279
1063779
1056927
1057371
1057057
1059279
5633797
1058964
1058798
1058520
1059260
1058464
1058649
5645297
1059390
1056964
1059797
1059020
1058557
6705798
1060390
1057705
1057538
1058464
1057335
1057409
1057334
4594166
1059094
1058390
1056705
1057316
3767865
1059631
1056779
5881534
1059316
1124481
1083575
1058501
1058964
6613393
1060187
1059705
1060650
1059983
1059945
1059816
5651037
1069020
1067298
1063649
1066649
1068964
1149870
5513318
1060334
1060242
1058705
1058816
3752846
1059149
1059742
1058890
4821014
1059001
1056797
1058279
4828236
1059242
1057057
1057076
1057538
3764364
1060964
1057020
1057520
4823996
1059150
1056687
1056538
4828088
1059427
1058724
1056742
1058927
3764698
1058927
1059020
1062816
1059946
3769143
1059464
1059056
1058834
4813644
1060390
1060353
1059797
1060483
1060223
6693650
1058668
1058649
1058686
1058908
1058612
1058816
1058445
1058834
3531721
1058816
6938442
1059612
1056816
1056612
1057576
1056816
1056520
5655500
1059631
1058316
1059131
1059446
1058909
6705002
1059223
1058668
1058538
1058780
1058631
1058576
5647371
1058983
1056983
1056724
1059168
1059205
6706484
1060094
1060483
1059871
1060408
1059816
1058501
1056724
4585185
1058964
1058316
1056779
4824014
1058983
1058001
1058353
1057335
3766457
1059130
1056705
5888904
1059593
1056705
1056557
1058724
1059113
6703484
1058760
1058408
1056705
1058982
1058835
1058631
1058279
4591592
1059075
1059390
1058909
1058742
1058668
6702447
1058927
1056909
1058446
1058482
1058613
6708594
1059150
1057927
1060168
1059002
1060316
1058538
1060075
4585667
1059187
1058705
1056890
4823329
1058853
1056705
1057631
4825866
1058983
1056742
1056483
1057187
3770513
1059094
1056760
1056576
4827440
1059038
1056890
1059038
4824607
1058945
1056928
1058798
4824959
1058742
1057946
1058279
1057316
3766106
1059149
1056724
1905339
3983972
1059316
1056834
5877404
1059446
1059075
1056779
1059131
1058705
1058761
5648075
1058890
1056724
1056575
1058464
1056872
6710280
1059038
1056760
1056612
1057242
1056705
1058872
5655019
1060539
1058705
1056964
1059001
3764365
1058909
1056705
1058854
4825570
1059057
1059094
1058742
1058798
1058353
6703298
1058761
1056816
1056723
1057242
1056575
6713483
1058946
1056705
1056428
1059131
1058612
1059149
5650167
1058779
1058649
1058316
1057168
3767457
1058779
1056705
5882441
1059186
1056816
1058446
1057408
1056613
6715946
1059150
1056779
1056649
1059020
1058687
1058890
1058834
4588333
1058705
1056816
1056631
1059020
3768013
1058724
1056724
1058297
4825829
1059298
1057019
1056538
4826089
1059205
1056890
1056761
1059316
3766994
1059057
1056854
5882127
1059020
1056723
1056538
1057464
3771013
1059020
1056761
5883719
1058797
1056779
1056465
1057260
1056594
1056445
5655797
1058908
1059149
1058835
1058835
1058687
1058538
5646704
1059946
1058983
1059205
1058761
1056927
1058945
5647445
1058816
1056613
1058224
1057482
3768105
1058797
1056927
5882256
1058723
1056575
1056556
1057594
1056556
6712798
1059298
1056797
1056817
1057446
1056593
6712464
1059261
1056853
1056649
1057316
1056854
6712816
1058964
1056816
1058298
1057354
1056613
1056650
5653705
1060520
1057279
1056742
1057668
3768346
1059020
1058298
5881052
1059187
1056686
1056464
1057131
3772068
1059149
1056742
1056612
4826385
1059149
1056668
1056483
1057261
3771513
1059112
1056797
5880275
1059150
1059279
1058779
1058779
1058872
1058594
1058668
4589500
1059317
1057020
5881719
1058834
1056798
1056612
1057205
3770698
1059297
1056724
5882534
1058945
1056872
1059131
1059076
1057057
1058760
5649408
1058909
1058779
1058761
1057502
1058761
6706354
1058613
1056464
1056575
1064205
1057428
1056575
5650352
1059872
1056668
1056612
1058705
3768902
1059002
1056853
5882071
1059501
1056798
1056668
1057483
3770217
1059279
1056687
5880886
1059168
1056742
1056557
1057501
1056797
6713594
1060353
1060372
1057445
1059723
1059982
1059779
5640834
1059001
1059113
1059002
1058779
1058705
1058760
5645593
1058538
1056760
1058871
1057279
1056668
6712595
1059427
1058964
1058724
1058853
1058391
1058279
5645334
1058538
1056613
1058927
1057464
3768661
1059002
1056891
1056538
4827588
1059113
1056798
1056650
4827070
1059186
1058538
1056797
4824847
1059057
1056742
1057853
1058835
3767642
1059427
6937425
1059187
1056649
1056594
1058780
1056742
1056557
1059334
4598518
1058872
1058890
1058612
1058705
1059131
6701983
1058946
1057038
1056390
1057372
1059780
1059742
5649908
1058816
1056761
1056594
1059205
1058761
6710039
1058687
1056538
1059130
1058927
1057113
1058649
5648723
1058761
1056817
1059409
1058872
3776957
1058909
1056909
5874386
1059427
1056779
1056538
1057298
3769476
1060742
1060168
1059834
1060001
3758087
1058760
1056965
1058964
4824033
1058557
1056612
1059057
1058835
1059020
6706650
1058927
1058909
1058557
1059187
1058909
1059223
1058946
1059075
3528684
1060131
1059982
5878979
1059001
1058834
1058835
1058946
1058593
6703891
1058964
1056761
1056613
1058928
1059798
6425174
1109056
1057705
1056853
1062020
1059575
6937091
1058872
1056575
1056594
1057187
1056853
1056557
5656797
1059483
1057131
1059946
1059242
1059038
6717483
1059298
1057409
1058464
1058650
1056983
1057260
5640093
1060612
1057131
1057020
1057538
3767772
1061705
1057149
5879515
1061668
1059334
1058816
1058797
1058927
6700150
1058464
1056909
1056946
1057242
1058742
1058334
5653038
1058964
1057149
1059686
1060853
3765809
1059391
1056557
1056909
4826551
1059538
1058539
1056983
1057483
3779309
1062539
1063076
5874738
1063650
1059149
1058965
1058650
1059965
1373015
5311395
1060391
1057020
1056945
4825328
1060909
1056928
1057038
1057371
3765217
1059353
1057205
5882442
1059539
1057057
1059242
1059039
1058798
6705558
1058983
1058760
1056946
1058742
1058464
6706576
1058723
1057131
1056779
1057205
1056927
1056872
5655890
1059705
1058335
1057482
1059205
1058427
6705465
1058724
1057150
1059130
1058686
1058353
6706576
1058909
1057057
1056816
1059409
1058612
1058742
5650667
1058872
1056594
1056594
4828292
1059205
1056983
1058390
1057520
3765531
1059464
1056853
5882349
1058964
1059075
1059927
1060261
1056982
6705094
1058909
1058297
1056687
1057298
1056668
6710225
1058835
1056612
1056650
1057835
1059038
1059983
5651167
1059019
1056760
1056427
1057464
1059001
6710391
1059168
1056871
1059131
1059150
1058927
1059316
5647705
1058742
1058983
1058613
1057390
1058705
6706706
1058631
1056853
1056520
1057242
1056464
6711520
1060538
1057650
1056705
1058594
1056649
6710483
1059557
1058668
1056798
1059020
1058797
6705558
1058687
1058872
1058835
1058687
1058650
6705687
1058761
1059057
1058557
1058946
1058853
1058557
1056798
4594722
1061816
1060465
1058724
4829866
1064038
1060723
1059575
1061113
3740199
1059001
1057038
5885090
1062094
1056890
1056613
1057187
1056650
6706279
1059982
1056705
1056594
1059353
1058816
6705965
1058983
1058797
1058593
1057353
1056890
1058705
5650686
1059465
1058668
1058687
1058613
3763938
1058891
1057001
1059002
4824885
1058501
1058964
1058501
1057297
3370630
1060594
1174352
6147733
1059502
1056779
1056631
1057187
1056649
1056575
1056594
4601574
1059168
1056890
1056686
4826459
1059150
1056576
1056650
4827755
1059113
1056705
1057094
1057371
3769235
1060853
1060538
1060001
4818200
1058890
1056760
1056779
4826736
1059335
1056649
1056409
1057446
3768328
1059372
1056890
5881775
1059335
1056853
1056594
1057353
3771032
1059465
1059020
5881515
1058705
1056631
1059149
1058760
1056927
6707613
1058835
1056742
1056650
1057131
1056557
1056464
5656945
1059631
1059094
1056834
1059038
1058649
1058705
5646223
1060335
1057871
1058612
1057446
3766087
1058649
1056742
1056835
4828329
1058871
1056723
1056594
1058723
3767995
1059113
1056594
1056650
4827440
1059057
1058798
1058668
4825311
1058798
1057038
1056427
4825885
1059316
1059316
1059038
4821940
1059168
1059131
1059038
1057854
3762791
1059316
1059483
5879386
1058853
1058520
1058686
1058723
1058798
1056779
5648445
1058798
1056834
1058353
1057409
3769049
1059464
1058520
1056446
4826107
1060668
1060279
1059854
1059779
1060297
4965271
1062965
1059261
1057668
1058760
3801920
1062168
1060520
3571886
1059112
1056687
1058927
4822644
1059020
1056928
1056742
1058816
3767217
1059761
1056798
5880349
1059150
1056761
1056705
1057187
1056630
6712428
1059076
1056853
1059001
1058890
1059890
6706798
1058964
1059316
1056834
1057576
1058780
1058687
1058483
4595499
1059223
1059168
1058631
4819329
1059186
1056872
1059279
1059001
3763735
1060335
1060075
1060020
1059687
2479904
1060001
4218913
1058983
1059705
5879127
1060261
1057446
1059797
1058798
1057908
1058854
5646946
1058890
1059076
1059409
1059075
1058631
1058760
5645279
1058890
1058779
1058464
1058816
1058668
1058612
1058945
4588759
1059131
1058891
5883830
1058890
1058705
1059556
1058817
1058668
1058594
1058631
4584629
1058723
1058538
5880942
1058631
1056724
1058131
1057409
1056705
6711632
1059371
1056723
1056520
1058723
1056650
1056631
5659056
1059705
1059001
1059372
1059261
1058743
6699965
1058816
1056798
1060501
1060835
1060353
1060354
1059908
4583407
1059298
1058891
1058871
1058742
3763476
1060371
1059890
1059705
4818793
1058853
1059075
1058890
1059020
3762476
1058890
1056797
1056557
4827255
1058872
1056872
1056483
4826366
1059242
1056668
1059039
1059723
3772069
1061909
1060464
1059446
4810681
1058890
1058816
1058668
4823310
1058872
1059316
1058520
1058612
3764050
1060093
1059260
5878441
1058983
1056909
1056631
1057465
1056798
1059131
5653649
1059890
1059446
1057464
1060539
1059723
6703021
1058816
1058928
1058465
1058890
1058742
1058650
5652038
1060020
1056742
1056520
1057279
1056649
6707502
1058760
1056668
1056909
1059798
1058853
6706372
1058520
1059150
1058612
1057335
1058650
6707872
1060353
1056965
1057557
1058631
1057576
1056779
5649908
1059039
1056705
1058409
1057279
1056779
6711521
1058817
1056890
1057001
1057316
1056742
1056502
5657483
1059205
1056761
1058298
1057279
3767957
1059668
1056761
1056594
4825329
1058909
1059335
1058742
1058908
3763902
1058983
1059038
5880052
1058687
1059223
1056928
1059576
1058557
6705946
1060150
1056816
1056668
1058205
1057242
1058742
5651611
1058779
1056723
1056575
1057261
3770828
1059371
1056909
5882960
1059187
1056872
1056650
1057742
3769512
1059019
1056797
5881979
1060371
1059483
1057557
1059538
3764420
1059298
1058390
5879997
1059150
1056853
1058909
1058686
1058409
1058408
5649279
1058890
1058835
1059038
1058816
1058687
1059205
1058890
4588518
1060039
1060186
1060187
1060390
3758050
1059113
1058779
1058723
4822996
1058668
1058649
1058501
1057298
3765846
1059020
1058465
1902007
3985102
1059131
1057149
5877349
1059168
1056705
1056668
1057464
3770457
1059020
1056798
5882719
1059112
1056798
1056557
1059261
1056687
6711631
1058927
1059149
1058594
1058817
1058668
6705317
1060464
1058502
1059723
1059909
1100945
1059335
1060168
1060428
3481351
1059223
6938962
1058816
1056687
1056613
1057427
1056594
1056686
5654130
1059076
1056520
1056520
1058705
3770346
1059279
1057001
5882182
1058854
1056686
1056631
1057243
1056371
6712798
1059205
1056835
1056576
1057279
1057779
6711428
1059168
1058316
1056575
1057464
1056557
1056705
5654982
1059408
1058464
1056612
1058538
3768069
1058890
1056817
5881275
1058946
1056909
1057965
1057168
3770031
1059242
1056724
1056594
4828125
1059723
1056946
1056742
4825329
1059039
1056575
1056686
1057372
3769069
1059002
1056890
5882479
1059075
1056668
1056631
1057205
1056835
6713835
1059186
1058797
1056798
1057372
1058594
1058613
1058575
4592296
1060298
1060242
1059816
1059835
3758847
1059446
1058946
1058520
4822496
1058853
1056816
1059094
1058835
3768643
1059372
1058724
1056946
4823495
1058612
1056705
1056464
1057464
3769290
1061372
1060557
1059964
4816922
1059057
1059075
1058649
1058779
3763883
1058872
1056668
5882516
1058891
1058298
1059354
1058687
1058779
1059150
1058539
4589055
1058928
1058668
1059094
1059242
1058575
6702520
1058872
1056797
1058964
1058835
1058816
6707558
1059946
1058650
1057779
1059983
1058686
1057798
1059520
4587999
1058779
1058297
1056797
4825274
1059242
1057187
1056779
4826496
1059205
1056724
1056798
4826255
1063668
1059150
1058075
1061334
1059353
6720521
1060334
1057094
1056705
1111222
1058223
1059872
5578799
1059502
1056853
1056649
1057353
3763106
1059742
1056817
5881386
1059279
1056872
1056594
1057317
3771439
1059649
1059390
1056798
4823589
1058687
1059242
1058576
4821515
1058890
1056594
1056668
1057168
3770735
1059261
1057279
5881460
1059020
1056760
1057038
1057797
3772124
1059298
1056742
1056501
4826792
1059224
1056945
1058872
4824959
1060223
1059909
1057464
4819292
1058760
1059279
1059223
1058853
1059093
6703224
1060038
1060019
1059612
1058871
1057038
1058427
5645390
1058686
1056946
1056668
1057261
3770568
1059445
1056760
5883553
1059280
1057112
1056686
1057409
3769013
1059501
1056779
5881330
1059020
1056743
1059187
1059020
1056909
6709076
1058964
1056890
1058816
1058816
1058686
6707576
1058797
1056613
1056613
1057335
1056501
1056593
5655353
1059298
1058371
1056742
1057297
3769216
1059112
1056871
1058909
4825181
1058908
1056816
1058779
1058742
3766735
1059056
6938073
1059224
1056872
1056613
1057039
1056631
1056483
1056446
4601925
1059113
1057353
1057001
4824644
1059205
1059131
1058779
4824070
1060131
1058946
1056909
1059427
1058834
6723224
1062909
1061723
1060834
1059742
1060668
6687669
1060779
1060335
1058982
1059020
1058520
1058556
1058483
1058687
3514498
1059427
1057076
1056631
4824385
1059705
1059631
1058668
1058853
1058928
6703409
1058743
1058760
1058612
1058761
1058649
6703688
1058816
1059316
1058686
1057482
1056798
1058964
5651130
1059391
1057205
1058687
1058816
3765347
1058816
1056631
5881571
1059112
1059224
1058464
1057464
1058946
6706632
1059038
1058409
1058779
1058668
1058557
1058538
1058872
4590111
1060075
1060020
1059723
1059075
1459735
6291565
1058927
1058094
1058112
1058224
1057019
6703595
1059279
1057076
1056761
1057186
1056798
5362858
1063316
1057668
1059575
1059538
5110028
1058928
1058927
1058649
1059094
1058927
1058390
5645242
1060150
1059149
1057372
1058465
1060464
1059724
5644649
1058890
1056964
1056686
1057316
1056465
6711039
1059834
1056650
1056724
1058539
1056631
6711835
1059909
1057057
1056835
1057539
1058909
1059186
1059538
4593814
1059335
1058612
1058613
1058983
3765384
1059687
1058927
1058631
4823181
1060483
1057983
1057390
1060612
3757662
1058742
1056835
1056686
1058668
3777958
1060205
1058409
1056483
4814255
1059279
1056853
1056890
1059593
3768013
1059334
1059002
1058798
1058742
3763142
1060242
1059983
5876979
1058928
1058557
1059409
1057371
1059094
1058964
5647001
1060020
1059965
1060446
1059835
1060112
1058668
5640649
1058779
1058946
1058760
1058742
1058482
1058724
5646112
1058798
1056742
1056761
1057464
1056761
6712447
1059260
1056946
1056668
1057187
1056482
6713761
1059316
1056835
1056612
1057446
1056761
6711466
1058816
1058038
1057446
1058186
1057427
1057205
1057335
4595111
1058982
1056853
1058946
1058520
1056779
6709539
1058724
1056779
1058798
1058872
1058742
6706206
1058631
1056742
1056557
1059038
1058483
1058501
1058464
4608296
1059094
1058353
1056760
4810625
1059224
1057001
1056983
4836181
1066593
1057816
1059834
4806310
1059501
1059075
1058816
1059187
1057020
6705965
1058983
1056668
1056483
1057150
1058408
1056649
1056723
4597111
1059243
1056686
1059020
1057502
3197893
1059501
3508517
1060113
1057113
5882516
1059927
1056798
1056538
1058742
3766902
1059205
1056872
5883275
1059353
1056834
1056742
1057316
1056649
6715613
1059186
1056631
1056575
1057112
1056501
1056372
5653186
1059224
1058371
1056668
1057353
1059335
6708298
1058835
1056687
1058724
1058687
1058760
1059075
1058742
1058519
3532368
1060242
1060076
1059928
4818367
1058908
1056631
1056483
1057149
1058927
6710465
1060131
1059335
1060502
1060150
1059705
1059780
1058649
4581333
1058946
1057001
1056723
4826940
1060131
1057520
1058205
1058575
3764828
1059224
6939406
1059205
1056835
1056539
1057298
1056705
1056538
5655742
1059038
1056687
1056613
1057205
3771087
1059112
1056705
1056742
4828570
1060446
1060464
1059779
1060076
1059742
6697188
1059353
1056816
1058798
1058723
1056538
6707650
1058779
1056834
1056686
1057094
1056668
6713373
1059057
1056779
1056631
1057113
1056668
6712483
1059186
1056742
1056557
1057187
1056631
6712613
1059168
1056834
1056575
1057519
1056816
6713298
1059427
1059168
1058983
1059038
1058686
1058390
5645001
1058927
1058298
1056742
1058594
3767736
1059131
1056742
5882423
1059038
1056705
1057686
1058556
1058872
6708521
1059001
1057094
1059038
1058835
1058631
1058742
5647945
1058927
1058834
1058630
1058945
1059187
6705225
1058798
1059131
1059056
1058668
1058408
1058353
1058612
4589444
1059316
1059020
1057001
4823126
1058743
1058835
1056909
4825403
1060186
1059224
1057353
4821366
1059224
1058465
1056594
1058557
3766958
1059186
6939647
1058872
1056946
1059113
1059020
1058872
1058576
5650446
1058853
1059001
1056983
1059001
3766643
1058983
1058853
1058724
4822236
1058668
1056835
1058983
4823681
1058760
1057946
1058186
4824218
1059316
1056779
1056575
1057297
3768791
1059261
1058742
5880423
1058965
1056853
1056557
1057816
1056686
6712576
1059001
1059057
1058890
1059094
1058650
1058501
5647242
1059242
1057038
1056724
4827236
1059428
1058742
1058761
4821810
1058779
1058927
1058445
4823625
1059020
1056946
1056594
1057464
3769254
1059464
1056779
5882183
1059465
1056983
1056705
1058502
3769161
1058890
1056853
5882015
1060316
1057557
1060094
1059928
3762606
1058835
1056594
1058927
4826032
1058835
1056742
1056723
3950750
1059094
1056982
6759131
1059260
1058649
1056594
1057427
1056631
1056631
1058909
4595481
1058946
1058279
1059298
4823348
1058927
1056649
1056705
1058946
1059149
6707909
1058742
1056872
1056483
1057316
1056631
1059001
5654186
1058705
1056594
1056575
1057557
3771421
1059187
1058983
5879331
1058965
1058483
1056761
1057908
1057056
6710373
1059483
1056649
1058372
1057316
1056779
6710392
1058983
1056502
1056594
1057372
1059612
1058946
1058464
4593981
1058908
1058798
1058631
1058798
1058668
6703465
1058723
1057001
1056594
1057261
1057872
1057279
5654019
1058946
1056649
1056668
1059168
1057057
6710743
1058816
1056743
1056650
1057261
1056872
1059205
5655390
1058854
1056705
1056687
1058520
1056650
6709965
1059094
1058446
1056539
1057094
1058946
1058575
5650723
1058594
1059945
1058519
1057538
1057650
6708891
1058816
1056761
1056482
1057408
1056650
6710873
1059891
1056890
1056520
1059260
1058724
1058650
5649316
1058538
1056686
1056650
1059594
1058891
1058779
1058520
4593147
1059816
1058834
5879498
1058816
1056779
1056631
1057316
1056891
1059390
5654371
1058779
1056798
1058613
1057464
3770180
1059168
1056761
1056594
4825884
1060557
1057465
1057409
1060205
3762938
1058964
1059112
5896256
1063965
1059724
1058002
1061298
3755050
1063094
1063798
1058168
1097927
1844026
5849887
1060242
1059020
1059057
4820422
1059020
1056816
1056501
1057687
3769569
1060075
1056705
5880442
1059020
1056723
1059224
1058945
1058853
1059483
1059001
4590315
1060205
1059927
1059742
1058983
3759364
1058742
1056705
5887645
1059428
1057131
1056928
1057390
3766865
1059150
1057298
5880904
1058946
1057224
1057038
1057668
1059113
6709243
1058631
1057149
1057168
1057391
1057076
6711243
1058724
1057094
1056927
1057446
1058779
1057983
1057057
4597167
1058927
1057131
5881201
1063723
1057890
1056576
1058946
1057557
6706058
1060335
1056816
1059057
1058149
1056871
1056853
5649316
1059520
1056853
1057057
1057409
1056964
6711872
1059723
1057131
1057242
1057613
1059168
6709151
1058983
1057001
1057038
1057557
1057076
6709650
1059279
1058113
1057631
1058168
1058094
1060723
1060779
4588666
1058723
1057076
5882535
1058816
1056797
1058020
1057613
1056779
6710706
1059631
1057131
1057020
1057464
1059113
1058687
5650223
1059038
1057020
1056742
1057261
1056760
6713873
1059372
1056594
1056446
1059186
1058724
1058557
1058279
4591445
1058705
1056798
1059168
4823922
1058835
1057001
1058409
4843014
1062446
1057891
1062650
4815885
1059612
1056649
1056723
1057520
1056687
6696910
1059631
1056742
1059279
1057464
1058872
1059594
5645557
1060113
1059408
1059168
1058168
1057465
6705095
1059020
1058390
1056798
1059538
1059205
1058576
1058705
1059001
3531054
1059261
1062168
1059705
4818755
1059168
1059168
1059242
1058853
1058650
6702947
1059280
1058946
1058575
1057705
1058668
1057020
5647167
1058686
1056817
1058260
1057760
1056649
6712206
1059371
1056743
1059242
1058705
1057039
6708428
1058742
1056890
1056742
1059612
1059760
1058631
5647594
1058724
1056742
1056668
1057205
3770957
1060205
1058428
5879904
1059798
1056871
1056482
1057334
1056687
6711595
1059038
1056723
1056502
1057168
3771531
1059094
1056724
1056687
4827348
1059113
1056835
1056631
4826699
1059224
1056871
1056650
4826885
1059150
1056964
1056501
1057279
3769439
1060742
1059093
1058076
4821403
1058705
1056742
1058649
1057390
3768606
1058964
1056853
5885738
1060242
1059427
1057649
1057982
1057482
6702539
1059057
1057260
1059057
1059113
1058742
1058501
5647408
1058891
1056761
1058650
1059223
3767716
1059113
1058779
5879516
1059834
1058391
1057891
1058594
1057816
5718222
1059705
1057038
1056834
5816443
1059224
1056742
1056501
1057260
3768957
1059316
1056890
5882479
1060465
1056946
1058538
1057501
1057705
1056742
5652871
1059113
1056761
1059427
1058965
1059057
6704076
1059816
1060816
1060039
1060002
1059761
1060557
1059687
4579907
1059131
1058853
1058965
1058890
1059038
6709613
1059316
1057002
1058909
1059187
1058724
6699187
1058872
1056723
1058705
1058668
1056835
1056687
5652816
1058686
1058409
1056742
1058612
1056853
6710595
1060668
1058261
1056927
1058538
1056760
6706706
1059075
1056631
1056538
1057001
1056686
1058835
5654501
1059131
1058428
1056650
1057465
3768273
1059149
6940054
1058872
1056946
1056538
1057391
1057779
1057483
1060298
4595684
1059150
1058834
1058872
4822274
1060001
1060205
1059483
1059909
1059817
6699114
1059594
1059002
1058723
1058982
1058668
1058668
1058464
4587703
1058742
1057039
1056631
4827236
1059427
1058871
1058835
1058890
1056779
6704243
1058631
1056668
1056446
1057150
1056613
1056483
5657038
1059520
1057149
1056779
1058649
1056742
6711614
1059242
1056927
1058261
1057186
1056798
6712891
1059427
1056743
1056483
1057242
1056706
6709354
1059316
1056928
1056650
1057539
1059075
1058982
5650964
1059871
1057520
1057391
1058650
1056779
6708595
1058964
1056742
1056668
1058705
1056742
1056575
5654927
1058891
1056668
1056798
1059112
3769958
1058780
1058501
1056520
4824329
1059223
1056927
1057039
4831940
1059427
1059002
1056631
4819625
1058983
1059112
1058817
1058705
3764217
1058761
1058298
5880461
1058872
1056742
1056520
1057391
1056483
6713373
1059094
1056964
1058038
1057723
1059909
6709040
1058816
1056871
1059131
1059020
1058835
1058613
5646056
1058705
1056853
1056613
1057205
1056594
6712447
1059205
1056779
1056742
1059316
1059779
6709910
1058946
1056779
1112038
1103186
1058131
6608986
1059761
1056853
1056650
1057205
1056631
6711410
1059631
1056649
1056520
1057205
1056705
1056576
5656779
1059520
1056797
1058261
1057391
3767217
1059224
1056649
1056464
4827385
1059501
1057076
5881035
1059094
1056798
1056575
1058705
1056890
6711613
1059501
1057020
1056853
1059168
1058631
1058686
5648927
1058761
1056612
1058909
1059001
1058779
1059057
5648316
1058816
1058761
1058761
1058965
1056983
1058816
5648390
1058909
1058576
1058427
1059964
1059927
6702706
1058853
1058946
1058557
1057575
1058761
6706780
1058520
1056724
1056501
1057187
1056668
1056427
5656593
1058946
1056613
1056483
1057168
1056724
1056650
5656964
1059242
1059224
1058687
1057502
1058743
1058742
5647631
1060113
1060372
1059002
1058982
1058816
1059131
5642428
1058964
1056816
1058465
1058798
3767847
1058835
1058353
1894302
3986417
1059075
1056798
5883608
1059224
1059002
1058650
1058928
1056965
6706003
1058539
1056649
1056612
1057335
1056724
1059094
1058779
4598685
1058983
1058835
1058390
1058723
3764531
1058835
1056594
5880238
1059261
1058946
1056946
1058835
3768087
1058761
1057075
5882294
1059094
1056706
1056464
1057298
1056650
6712557
1059224
1056816
1056631
1059076
1058835
6708502
1059094
1056779
1056538
1057594
1059038
1058612
5651167
1058964
1056612
1056483
1057298
1058964
6711817
1059038
1059094
1058834
1058908
1058650
1058668
5645187
1058705
1056668
1058353
1057186
3769513
1059094
1056798
1056594
4826792
1059001
1056724
1056520
1059891
3768217
1059223
1058557
5879571
1059983
1059334
1058890
1058872
1057038
6705225
1058649
1056761
1058242
1057446
1058909
1058575
5651853
1060353
1060427
1059817
1060298
1060372
1059853
5638409
1059372
1059002
1059038
1059224
1058465
1058797
5643815
1059076
1058983
1058760
1058760
1058761
6710095
1059094
1058779
1058539
1057483
1056686
1058705
5647130
1059094
1056834
1056816
1058723
1056761
6708558
1060260
1057631
1056927
1058093
1057464
6708743
1059223
1056908
1056724
1059187
1058909
1059260
1056909
4593093
1058779
1058816
1059538
1059039
1058631
6702928
1058965
1056724
1056724
1058817
1058853
6709206
1058760
1058817
1058594
1058613
1058687
1058557
1058279
4590092
1060575
1059780
1059816
1060001
1057446
6699947
1058631
1056724
1056613
1059205
1057186
1056742
5653631
1059020
1056965
1056668
1058520
1056594
6711428
1058927
1056927
1058353
1057539
1056705
6710799
1059186
1056743
1056520
1058946
1056686
6711132
1058779
1056742
1056483
1057371
1057854
1056835
5673538
1064187
1059112
1061798
1060057
3756625
1060465
1056779
1284831
1131667
3424630
3999805
1060001
1056908
5877793
1059446
1060186
1057779
1058150
1059928
1060112
5645205
1059057
1059150
1058946
1058983
1058816
5991977
1060761
1058057
1059094
1058242
1060353
3416371
1059020
1059705
5878738
1059075
1059020
1056890
1059113
3766402
1059112
1059687
1058612
4821385
1060057
1057612
1057409
1057446
1056705
6708002
1059131
1056779
1056669
1059427
1058742
1058576
1058483
4592703
1060297
1060353
1059946
1060391
1059724
6696484
1058723
1056705
1059057
1057224
1056742
1058538
5651946
1058668
1058854
1058334
1057464
3768143
1058779
1058798
1058613
4823607
1060279
1060261
1059872
1060187
3757994
1058890
1056928
5881664
1059020
1056872
1056613
1057465
1056705
6712651
1059020
1056797
1056705
1057446
1056890
6712725
1058835
1058372
1056706
1057427
1057538
1056798
5653075
1058576
1056668
1058187
4826810
1060390
1059001
1058094
1060223
3767383
1058853
1056705
1059112
4819329
1058742
1056668
1056446
1058520
3770754
1059260
1056872
5880479
1058928
1056779
1056668
1057131
1058964
6711243
1058909
1056631
1058965
1058668
1056742
1056557
5653909
1058501
1058631
1058316
1057316
1060779
6716354
1062464
1058631
1062001
1062520
1060983
1057501
5626001
1060390
1060260
1060260
1060724
1060149
1059687
1059853
4575555
1058834
1056927
1058613
4827348
1060445
1058464
1056779
4820422
1059816
1056816
1056779
4371596
1115185
1057594
1056816
5223582
1058909
1056779
1058427
4832662
1059409
1058724
1056834
1057520
3761458
1059260
1056797
5882016
1059038
1059427
1058576
1057261
1056539
6708576
1060279
1057557
1060649
1059854
1059724
1059705
5642168
1058908
1058983
1058668
1058983
1058594
1058557
1060446
4588241
1058724
1056983
1058353
4824144
1059853
1056760
1056723
1057131
3768698
1061187
1060168
5875868
1059020
1056965
1058242
1057205
1056650
6710225
1059205
1056854
1056668
1057316
1056612
6712484
1059075
1059372
1058705
1057835
1058594
1058390
5647575
1058909
1059260
1058816
1058872
1058779
6711336
1059612
1058927
1058353
1057502
1058705
1058686
5640705
1058853
1058890
1058668
1057465
1056612
6708539
1058705
1056909
1056613
1057335
1056612
6712632
1059557
1056798
1056575
1057335
1058298
1056613
5653983
1059187
1058427
1056779
1058761
1056761
6709244
1059020
1056779
1056501
1058557
1056631
6713076
1059150
1059149
1058798
1057390
1056854
1058780
1058650
4590944
1060261
1060039
1058649
1058576
3761754
1058780
1057075
1059075
1815656
7007739
1059168
1058224
1058187
1057613
1057761
1059909
5647445
1059038
1056687
1056631
1057409
1056687
6714855
1058816
1056816
1057779
1058057
1057391
1057149
5649871
1059242
1056686
1056464
1058982
1058668
6722151
1059039
1058409
1056742
1058742
1059187
6695392
1058834
1056668
1056631
1057205
1056520
6712428
1058983
1056835
1056705
1057446
1056594
1056557
5656149
1060556
1059297
1056891
1058131
1057446
6707966
1058612
1056686
1058279
1057353
1059186
1058872
5650168
1058668
1058945
1058501
1057575
1056761
6708170
1058687
1056650
1056501
1057076
1056483
6713150
1059149
1056928
1056631
1058576
1056816
1056631
5659704
1059409
1056853
1060390
1058908
3759884
1058780
1058927
5880831
1059076
1058428
1056631
1058501
3767827
1059113
1056816
5881886
1059076
1056890
1058835
1057334
1056909
6711280
1058946
1056668
1058909
1058668
1059724
1059890
5645890
1059038
1056835
1059057
1057612
1056816
6709502
1058798
1056705
1056631
1057316
1056780
6714132
1059316
1059094
1056668
1057446
1058743
1058723
1058761
4591000
1058575
1058927
1058446
4823978
1058983
1056761
1058316
1057298
3767051
1059150
1056909
5882127
1059020
1056891
1056687
1057520
1056742
6714076
1058872
1056705
1056483
1057335
1056650
6711224
1058965
1058946
1056946
1059186
1058909
1059112
5648705
1058761
1058705
1058353
1058797
3766587
1058761
1058260
5880701
1059390
1056724
1056575
1059446
1058650
6706947
1058853
1056909
1056446
1057279
1056538
1056483
5657315
1058983
1058482
1056650
1059131
1058761
6706298
1060279
1056927
1057520
1058057
1058334
1056835
5651298
1059020
1056612
1056557
1058835
3771420
1059131
1056798
5880275
1059075
1059094
1058686
1058816
1058797
6705114
1058650
1056613
1056631
1057465
1056612
1056520
5656704
1059409
1057186
1056705
1057668
3770162
1059631
1056650
1056520
1057168
3770068
1059520
1058483
5879590
1059094
1056668
1056649
1059057
1058909
6708817
1059076
1058483
1056668
1057297
1056779
6710243
1059335
1058372
1056650
1057372
1059687
1059020
5648631
1058686
1057076
1056520
1057298
3770790
1059260
1056946
5881461
1059057
1058983
1056612
1058816
1061612
6706392
1062686
1057057
1056853
1057187
1056723
1056631
5654278
1060853
1056724
1056631
1057557
1059464
6705503
1059094
1056927
1056687
1057797
1057909
6711336
1059242
1056760
1059131
1059131
1056668
1056816
1058760
4592444
1059038
1058724
1056816
4824441
1059668
1058816
1058446
4822459
1060298
1058575
1056760
1057186
3766124
1059205
6938406
1058946
1056668
1056686
1057149
1056779
1056464
4608351
1058927
1059353
1058538
5872775
1059020
1058538
1059520
1058687
3764050
1058835
1059094
5879719
1058946
1059261
1058928
1059465
1056909
1059001
5647557
1058964
1058483
1058557
1058835
1058501
1058612
5646612
1058816
1056760
1056594
1057335
3770069
1059075
1056779
5882646
1059076
1056687
1056576
1059150
1058650
6709651
1058724
1056538
1056594
1058761
1056871
1056631
5653983
1059001
1056891
1056798
1057260
1059131
6710392
1059001
1058390
1056779
1058927
1058983
6709892
1059187
1058186
1058853
1058594
1058613
1058464
5645335
1058686
1056705
1058353
1059390
3768458
1059001
1056687
1056557
4825737
1059391
1056724
1056557
1057168
1056538
6710707
1059131
1056650
1056686
1058946
1058483
6710669
1058779
1059094
1058445
1057297
1058798
1061335
5649112
1059983
1059243
1057409
1057983
1060724
1060131
5640927
1059131
1058853
1059335
1058834
1058798
1058779
5644520
1058982
1058594
1058631
1058909
1058575
1058742
5645909
1058538
1058650
1058334
1058594
1058391
1058576
5647946
1058538
1056668
1056576
1057408
3770921
1059298
1056686
1056575
4834125
1061279
1056983
1056650
4819756
1059743
1056871
1058872
4821404
1060056
1060056
1059723
1058983
1057872
6701558
1059501
1058723
1058872
1059001
1058557
6704614
1059650
1056928
1058760
1058631
1058816
1058668
5647242
1058427
1056705
1058297
1059205
3769402
1058890
1056705
5890090
1059649
1057001
1059149
1058890
1058465
6698058
1058779
1056631
1056520
1057150
1056687
6712409
1058964
1061501
1063890
1058946
1057187
3237707
1065853
1060464
2183873
7151217
1060779
1056983
1056594
1057631
1058094
1058520
5154361
1068391
1066353
1063354
1063686
4247598
1064390
1077075
1067575
2127595
1222907
1179981
1193906
7044164
1059705
1056668
1056650
1057482
1057039
6707576
1058890
1056909
1056612
1057575
1057816
6710687
1060261
1057076
1056687
1057279
1056649
1056705
5654408
1059094
1069149
1057797
1057557
1059335
6698447
1058816
1059057
1058891
1058909
1058539
1058631
1056854
4589185
1058594
1056705
5882071
1059260
1056853
1056724
1057131
1056575
1056742
5655853
1059094
1056890
1056687
1058668
3769050
1059261
1056779
5882108
1058983
1059223
1058483
1058872
1059575
2715419
1059409
6930240
1060168
1058298
1056798
1058501
1056779
1056613
5652316
1059464
1056816
1056612
1059149
3769420
1058687
1056797
1058908
4824792
1059409
1057131
5880219
1059075
1056816
1056668
1057317
1056576
6712096
1059334
1056854
1056501
1057575
1059279
1057187
5653001
1059001
1056686
1056576
1057353
1059094
6711077
1058687
1058538
1056612
1057094
1056538
1056631
5654242
1062279
1058150
1058205
1057408
3765736
1058928
1057150
5882812
1059335
1057149
1057076
1057519
3769217
1059242
1057335
5880830
1058687
1058391
1058279
1058261
1058298
6707910
1058797
1059409
1057205
1058909
1058834
1058760
5659557
1063687
1059334
1061224
1060353
3759088
1066872
1056890
5863479
1061205
1057223
1056687
1058353
1060094
6703355
1059909
1058797
1058316
1058612
1058575
6711095
1059038
1056816
1058483
1057039
1056854
1056705
2820454
1145759
5679778
1059816
1057001
1056872
1057465
1057020
6710132
1059964
1060075
1058834
1057427
1058631
1057001
5647797
1058872
1056760
1056742
1057335
1059946
6709336
1059149
1059020
1058539
1060687
1057131
6702521
1058761
1056909
1057112
1057316
1056872
1057150
5655779
1059723
1056946
1056816
1061594
3765328
1059724
1056724
5881720
1058816
1056687
1056576
1057298
3770532
1059354
1056780
5882053
1059076
1056743
1056668
1058391
1057465
4040694
1061335
1063334
1061205
1124981
1304183
1224850
1405589
1061686
1068575
1056649
1057501
1056169
1055909
1056650
1056131
1055779
1086353
1081519
1081816
1081501
1301571
1081557
1081168
1085297
1304757
1195721
1056557
1128204
1056446
1056390
1056297
1263665
1082890
1058687
1162704
1112037
1209851
1056779
1143055
1056094
1055964
1056557
1056057
1055853
1055872
1057094
1056057
1055853
1055983
1056594
1056039
1056020
1055686
1056131
1055520
1055538
1055520
1064149
1055668
1055594
1057891
1057020
1057057
1056946
1057446
1056853
1056909
1056780
1057446
1056946
1056853
1056890
1057224
1056816
1056908
1058243
1057131
1056909
1056798
1057168
1056835
1056835
1057039
1057205
1056631
1056427
1056390
1056760
1056390
1056354
1056354
1056742
1056576
1056390
1057502
1056612
1056502
1056464
1056853
1056408
1056816
1056502
1056909
1056483
1056428
1056409
1057112
1056464
1056464
1056408
1056724
1056446
1056427
1056760
1056482
1056482
1056427
1056816
1056520
1056464
1056372
1056761
1056371
1056427
1056501
1056742
1056557
1056391
1056743
1056390
1056353
1056464
1056761
1056428
1056409
1056446
1056761
1056482
1056427
1056409
1056890
1056409
1056446
1056335
1056835
1056483
1056409
1057260
1056631
1056464
1056446
1056908
1056427
1056464
1056446
1056853
1056501
1056390
1056354
1056891
1056539
1056354
1056391
1056668
1056483
1056483
1056557
1056501
1056612
1056371
1056853
1056409
1056483
1056483
1056853
1056409
1056409
1056483
1056890
1056464
1056390
1057409
1056649
1056464
1056464
1056761
1056446
1056538
1056483
1056779
1056427
1056446
1056409
1056742
1056428
1056390
1056372
1056853
1056446
1056464
1057519
1056705
1056446
1056427
1056872
1056446
1057316
1057076
1057335
1056927
1056964
1056964
1057427
1056928
1057020
1057020
1056891
1057094
1057039
1058002
1057131
1056964
1056983
1057372
1056964
1056965
1057020
1057242
1056945
1056945
1056964
1056982
1056909
1057001
1057076
1056964
1056946
1056965
1065464
1057724
1057094
1057039
1057650
1057057
1057002
1057020
1057002
1056965
1057038
1056872
1057354
1056909
1056928
1057576
1056502
1056483
1056520
1056909
1056483
1056446
1056446
1056872
1056391
1056428
1056446
1056816
1056483
1056501
1056723
1056946
1056483
1056372
1057001
1056427
1056465
1056465
1057094
1056501
1056482
1056464
1056687
1056372
1056446
1056428
1056928
1056427
1056409
1057428
1056613
1056464
1056576
1057020
1056464
1056501
1056446
1056946
1056409
1056390
1056427
1057001
1056502
1056539
1056483
1056909
1056483
1056502
1056742
1056464
1056465
1056502
1056686
1056464
1056464
1056427
1057020
1056408
1057482
1056520
1056908
1056613
1056464
1056594
1056538
1056483
1056520
1056631
1056594
1056464
1056538
1056742
1056446
1056428
1056539
1056779
1056390
1056390
1056464
1057020
1056594
1056354
1057298
1056705
1056409
1056446
1056946
1056520
1056483
1056391
1056817
1056483
1056428
1056409
1056964
1056446
1056409
1056390
1056946
1056428
1056335
1057502
1056650
1056520
1056428
1056835
1056483
1056465
1056446
1056817
1056557
1056391
1056483
1056816
1056409
1056428
1063557
1055723
1055390
1055390
1057150
1056538
1056465
1056446
1056779
1056539
1056483
1056428
1056853
1056520
1056446
1056483
1056946
1056428
1056483
1057409
1056612
1056372
1056427
1057001
1056409
1056446
1056372
1056576
1056502
1056353
1056464
1056872
1056502
1056427
1056427
1056965
1056465
1056501
1057372
1056705
1056390
1057168
1175796
1060909
1058872
1056853
1057890
1057186
1057039
1057002
1057057
1057112
1057002
1057483
1056946
1056890
1057039
1057297
1056927
1057001
1057039
1056965
1056891
1056964
1057002
1057335
1057001
1057038
1057575
1056872
1056446
1056520
1056964
1056483
1056501
1056427
1057038
1056520
1056483
1056538
1057076
1056483
1056464
1056464
1056946
1056501
1056464
1057408
1056724
1056464
1056427
1056872
1056502
1056502
1056483
1056927
1056390
1056464
1056446
1057001
1056483
1056428
1056353
1056909
1056372
1056927
1056872
1056576
1056464
1056520
1056946
1059057
1056798
1056446
1057168
1056539
1056520
1056538
1056965
1056465
1056390
1056705
1056446
1056520
1056390
1056742
1056372
1056501
1056409
1056761
1056390
1056464
1056427
1056779
1056354
1056502
1056409
1056927
1056538
1056520
1057390
1056743
1056335
1056502
1057075
1056539
1056464
1056409
1056687
1056408
1056445
1056390
1057020
1058187
1057057
1056724
1057205
1056575
1056483
1057594
1056631
1056520
1056427
1056798
1056465
1056483
1056391
1056835
1056483
1056446
1056576
1056927
1056427
1056575
1057445
1056650
1056502
1056464
1056760
1056446
1056408
1056464
1056927
1056613
1056483
1056353
1056834
1056445
1056464
1056464
1056871
1056409
1056520
1056797
1056427
1056427
1056409
1056761
1056353
1056501
1056390
1056872
1056519
1056446
1056390
1056834
1056427
1056298
1056465
1056965
1056391
1056428
1057557
1056557
1056501
1056408
1056835
1056465
1056446
1056446
1056835
1056594
1056520
1056371
1056909
1056298
1056501
1057428
1056649
1056427
1056538
1056816
1056409
1056464
1056446
1056780
1056409
1056427
1056446
1056817
1056465
1056483
1056446
1056927
1056372
1056557
1058131
1057243
1057075
1057057
1057446
1056964
1056964
1056964
1057316
1056983
1056983
1056891
1057594
1057020
1056945
1056983
1057205
1057205
1056964
1057427
1056909
1056890
1056965
1057243
1056964
1056964
1056946
1057964
1057131
1057057
1057057
1057594
1057094
1057076
1058094
1057316
1056983
1057020
1057631
1057038
1057112
1057187
1057057
1056613
1056631
1056557
1057260
1056613
1057965
1057113
1057835
1057501
1056723
1056871
1056520
1056538
1056557
1057020
1056612
1056538
1056631
1056853
1056483
1056520
1056613
1056854
1056687
1056483
1056853
1056501
1056501
1056501
1056817
1056594
1056575
1056594
1056909
1056594
1056557
1056594
1056946
1056650
1056483
1056557
1056964
1056520
1056576
1057705
1056760
1056483
1056649
1056983
1056501
1056538
1056557
1056834
1056519
1056576
1056520
1057094
1056409
1056483
1056557
1056964
1056538
1056464
1057427
1056742
1056631
1056502
1056872
1056557
1056464
1056520
1056983
1056446
1056483
1056576
1057002
1062427
1058539
1058113
1057002
1056650
1056594
1057205
1056631
1056575
1056538
1056928
1056557
1056595
1056539
1057223
1056520
1056501
1056502
1056928
1056539
1056539
1057520
1056687
1056539
1056539
1056946
1056483
1056594
1056538
1056927
1056557
1056520
1056539
1057002
1056502
1056520
1056649
1056928
1056520
1056520
1057520
1056743
1056502
1056576
1056872
1056464
1056576
1056501
1056927
1056557
1056520
1056539
1057039
1056520
1056538
1057612
1056835
1056520
1056612
1056964
1056538
1056538
1056612
1056816
1056520
1056502
1056520
1056983
1056576
1056650
1056520
1056965
1056575
1056501
1057427
1056724
1056594
1056557
1056983
1056556
1056575
1056464
1056890
1056520
1056483
1056557
1057002
1056482
1056539
1056520
1056909
1056538
1057316
1058150
1057298
1057075
1057057
1057539
1057039
1057076
1057002
1057446
1057038
1057094
1057243
1057576
1057057
1057001
1057983
1057224
1057038
1057038
1057538
1056964
1056964
1057038
1057483
1057131
1057094
1057150
1057613
1057038
1057372
1056965
1057039
1057297
1057131
1057501
1057149
1057205
1057094
1057076
1056446
1056631
1056576
1056816
1056557
1056520
1056538
1057001
1056409
1056501
1057594
1056687
1056520
1056501
1056890
1056520
1056483
1056501
1057001
1056501
1056539
1056501
1057001
1056538
1056520
1056557
1056946
1056483
1056539
1057520
1056742
1056502
1056612
1056927
1056668
1056594
1056520
1056946
1056557
1056464
1056520
1057019
1056409
1056557
1056502
1057039
1056520
1056612
1057613
1056723
1056501
1056520
1056835
1056575
1056502
1056483
1056928
1056502
1056631
1056575
1056946
1056612
1056575
1057649
1056613
1056520
1056557
1056891
1056520
1056464
1056464
1056871
1056501
1056501
1056446
1057020
1056465
1056576
1056483
1057038
1056594
1056539
1057576
1056686
1056483
1056501
1057020
1056576
1056483
1056483
1057002
1056650
1056501
1056520
1056946
1056594
1056483
1056482
1056927
1056520
1056538
1057353
1056816
1056613
1056539
1056946
1056520
1056483
1056502
1056872
1056427
1056613
1056557
1057001
1056557
1056502
1057428
1056817
1056502
1056557
1057168
1056576
1056539
1056501
1056649
1056483
1056539
1056539
1057002
1056502
1056557
1056576
1056946
1056483
1056502
1057576
1056594
1056520
1056520
1057223
1057650
1056723
1056594
1056927
1056631
1056631
1056520
1057076
1056761
1061261
1059279
1059946
1059038
1057927
1060464
1058649
1059112
1057908
1058353
1515272
1060742
1058668
1185018
1057779
1056946
1057205
1056723
1056538
1056668
1056965
1056631
1056613
1056501
1057002
1056613
1056502
1057057
1057353
1056612
1056557
1057075
1056538
1056594
1056576
1056891
1056650
1056557
1056594
1057002
1056576
1056668
1056594
1057316
1056631
1056576
1056780
1056668
1056538
1056557
1056909
1056520
1056575
1056557
1056798
1056649
1056575
1056631
1057057
1056557
1056631
1057465
1056816
1056557
1056483
1056964
1056538
1056613
1056538
1056927
1056576
1056594
1056502
1057020
1056538
1056520
1056576
1056946
1056575
1056464
1056816
1056650
1056631
1056483
1056946
1056427
1056539
1056520
1056835
1056502
1056631
1056501
1057001
1056520
1056501
1056557
1057001
1056557
1056482
1057446
1056723
1056446
1056483
1056835
1056539
1056576
1056575
1056909
1056575
1056557
1056539
1056965
1056576
1056557
1056723
1056557
1056613
1056501
1056909
1056650
1056556
1056502
1057094
1056668
1056575
1056539
1056891
1056502
1056557
1056557
1057020
1056502
1056538
1057483
1056760
1056594
1056539
1056797
1056520
1056631
1056483
1056890
1056464
1056520
1056557
1056890
1056594
1056520
1056576
1056965
1056557
1056576
1056779
1056650
1056539
1056539
1057038
1056594
1056631
1056483
1056946
1056539
1056502
1056631
1056797
1056539
1056446
1057427
1056705
1056502
1056520
1056853
1056650
1057334
1057187
1057594
1057020
1057131
1057168
1057539
1057002
1057057
1057019
1057316
1056983
1057095
1058001
1057316
1057205
1057076
1057538
1057002
1057020
1057001
1057372
1056982
1057094
1056964
1057446
1057020
1057094
1056983
1057057
1057242
1057131
1058112
1057279
1057094
1057131
1057464
1056539
1057186
1057038
1057113
1056631
1056779
1056705
1057001
1056576
1056520
1056705
1056557
1056557
1056575
1056742
1056669
1056575
1056483
1057038
1056557
1056539
1056575
1056909
1056501
1056631
1056539
1056761
1056595
1056631
1056686
1056594
1056649
1056539
1057039
1056594
1056557
1056557
1056853
1056594
1056594
1056594
1057057
1056668
1056612
1056576
1062187
1059169
1059539
1058909
1058520
1059149
1058557
1059502
1058131
1058501
1098316
1083130
1057243
1056835
1056612
1057539
1056835
1056668
1056983
1056631
1056705
1056631
1057798
1056668
1056502
1056632
1056891
1056539
1056612
1056539
1057057
1056557
1056668
1057650
1056705
1056483
1056613
1056946
1056520
1056575
1056538
1057538
1056612
1056539
1056613
1056945
1056539
1056483
1056650
1057020
1056594
1056539
1057483
1056686
1056613
1056557
1056928
1056520
1056594
1056631
1056928
1056650
1056538
1056594
1056965
1056650
1056501
1056650
1056020
1055427
1055427
1057279
1056557
1056520
1056631
1056817
1056502
1056594
1056520
1056927
1056538
1056594
1056539
1056946
1056501
1056576
1057539
1057298
1057742
1056575
1057168
1056575
1056520
1056632
1057094
1056538
1056631
1056705
1057001
1056575
1056557
1056520
1057150
1056612
1056557
1067205
1057020
1056557
1056631
1057131
1056631
1056612
1056613
1057002
1056612
1056557
1056539
1056983
1056483
1056538
1056594
1056928
1056687
1056520
1057649
1056798
1056557
1056595
1056872
1056538
1056575
1056483
1056890
1056538
1056538
1056576
1057057
1056557
1056483
1057519
1056650
1056557
1056594
1057057
1056538
1056575
1056539
1056909
1056538
1056631
1056576
1056871
1057464
1057131
1057223
1057613
1057094
1057057
1057483
1057132
1057057
1057094
1057502
1057001
1057076
1057113
1057409
1057094
1057001
1057020
1057076
1057705
1056964
1057057
1057502
1057094
1057038
1057946
1057131
1057038
1057020
1057372
1057113
1057112
1057075
1057020
1057224
1057835
1057039
1057557
1058112
1170555
1058946
1057576
1057243
1057094
1057539
1060631
1058168
1057464
1057224
1056724
1057243
1057057
1057483
1056983
1057094
1058390
1057371
1057019
1057113
1057631
1056983
1057095
1057057
1057076
1056483
1056632
1056520
1057520
1059335
1057502
1057168
1057631
1057020
1057057
1057650
1057131
1057261
1057205
1057483
1057038
1057131
1057039
1057483
1057020
1057001
1057020
1057761
1057094
1057113
1058057
1057316
1057094
1057112
1057427
1057112
1057076
1057020
1057502
1057001
1057002
1057019
1057501
1056983
1057020
1057038
1057576
1057075
1056964
1058001
1057335
1057039
1057076
1057354
1057057
1057057
1057038
1057538
1057131
1057094
1057075
1057483
1057057
1056946
1057076
1057594
1057113
1057001
1057946
1057224
1057076
1057002
1057335
1057057
1057076
1056964
1057446
1057076
1056965
1057094
1057483
1057020
1057075
1057945
1057205
1057057
1056983
1057557
1057057
1057057
1057075
1057094
1057131
1057131
1057020
1057409
1057001
1057038
1057038
1057742
1057131
1057038
1058020
1057113
1056946
1064260
1057779
1057020
1057002
1056835
1057427
1056909
1056946
1057002
1057205
1056964
1056890
1057242
1056983
1056854
1056983
1057557
1056965
1056946
1056909
1057206
1056928
1056909
1057335
1057501
1056909
1056927
1056872
1057668
1056983
1056965
1057112
1057076
1056965
1056909
1057187
1056927
1056928
1056872
1057205
1057002
1056965
1057002
1057242
1056835
1056928
1056853
1057390
1056890
1056854
1057946
1057057
1056928
1056983
1057168
1056945
1056964
1056835
1058038
1057539
1057465
1057483
1057946
1057483
1057446
1058502
1057668
1057482
1057464
1058020
1057409
1057483
1057409
1057779
1057464
1057446
1057483
1057909
1057354
1057446
1057409
1057464
1057631
1057482
1058482
1057668
1057372
1057446
1058002
1057391
1057409
1057446
1055872
1056001
1055779
1055761
1057057
1056650
1056557
1056446
1057243
1056390
1056483
1056742
1056501
1056427
1056428
1056816
1056539
1056465
1056428
1056946
1056409
1056502
1056409
1056928
1056501
1056446
1057465
1056723
1056427
1056372
1056909
1056538
1056371
1056520
1056872
1056557
1056409
1056446
1056983
1056428
1056446
1056409
1057002
1056483
1056465
1057446
1056706
1056464
1056575
1056705
1056483
1056446
1056390
1056853
1056409
1056427
1056557
1056909
1056464
1056446
1057483
1056686
1056520
1056464
1056908
1056538
1056446
1056538
1056798
1056483
1056464
1056483
1056909
1056464
1056446
1056464
1056927
1056483
1056446
1057280
1056687
1056409
1056427
1056909
1056427
1058446
1057298
1057464
1056446
1056409
1056409
1056891
1056391
1056465
1056539
1057002
1056465
1056446
1057650
1056705
1056520
1056483
1056631
1056409
1057761
1057612
1056964
1056501
1056483
1056483
1057187
1056465
1056501
1056742
1056482
1056483
1056446
1056742
1056409
1056539
1056446
1057223
1056502
1056446
1056594
1057131
1056613
1056575
1056465
1056946
1056501
1056465
1057038
1056686
1056557
1056668
1056761
1056705
1056464
1056483
1056650
1056483
1056501
1056519
1056760
1056465
1056354
1056465
1057057
1056482
1056409
1057334
1056668
1056483
1056501
1056835
1056483
1056409
1056391
1056798
1056538
1056520
1056483
1056872
1056427
1056427
1057409
1056668
1056409
1056520
1056705
1056483
1056501
1056427
1056780
1056465
1056520
1056483
1056724
1056391
1056464
1056428
1056798
1056464
1056446
1057298
1057428
1056983
1057057
1057520
1056964
1057039
1057039
1057279
1057001
1056983
1056909
1057520
1056946
1056965
1057075
1056927
1057131
1057039
1057872
1057242
1057020
1057038
1057390
1056946
1056964
1056928
1057260
1056946
1057001
1057020
1057520
1057001
1057020
1057928
1057150
1056575
1056983
1057446
1056890
1056946
1056539
1056854
1056502
1056465
1056501
1056798
1056446
1056391
1056502
1056816
1056501
1056446
1057502
1056761
1056483
1056501
1057168
1056483
1056464
1056446
1056686
1056390
1056483
1056465
1056946
1056465
1056501
1058335
1057854
1056557
1056594
1058149
1056631
1056501
1056446
1057002
1056409
1056483
1056465
1056817
1056409
1056464
1056520
1056946
1056391
1056539
1057409
1056649
1056539
1056428
1056909
1056501
1056427
1056427
1056946
1056539
1056427
1056483
1057039
1056594
1056502
1056427
1056909
1056391
1056483
1057427
1056631
1056520
1056483
1056760
1056501
1056446
1056483
1056964
1056482
1056390
1056464
1056890
1056483
1056446
1056353
1056909
1056371
1056520
1057131
1056613
1056538
1056371
1057038
1056482
1056520
1056483
1056853
1056371
1056446
1056408
1056816
1056483
1056594
1056594
1056502
1056446
1056520
1056797
1056483
1056390
1056520
1056780
1056575
1056520
1056483
1056724
1056557
1056446
1056501
1056834
1056372
1056519
1057445
1056612
1056539
1056465
1056779
1056409
1056446
1056428
1056817
1056372
1056520
1056538
1056872
1056502
1056446
1056428
1057020
1056427
1056483
1056650
1056465
1056446
1056464
1056835
1056539
1056465
1056409
1056798
1056483
1056557
1056465
1056724
1056483
1056409
1057427
1056613
1056446
1056483
1056761
1056483
1056353
1056464
1056890
1056464
1056353
1056465
1057002
1056557
1056465
1056446
1056909
1056409
1057224
1057594
1057020
1056964
1057001
1057316
1056964
1056946
1056928
1057576
1057094
1057038
1057020
1057427
1056946
1057039
1057871
1057279
1057001
1056983
1057539
1057038
1056965
1056946
1057520
1056964
1057038
1057020
1056872
1057112
1056983
1056983
1056965
1056483
1057020
1057891
1057168
1057019
1056965
1057501
1056909
1056520
1056501
1056909
1056520
1056446
1056483
1056909
1056465
1056465
1056464
1056890
1056557
1056464
1056705
1056501
1056446
1056519
1056872
1056427
1056482
1056408
1057002
1056465
1056465
1056409
1056983
1056446
1056465
1057354
1056650
1056409
1056446
1056798
1056502
1056428
1056428
1056983
1056501
1056483
1056446
1057094
1056409
1056446
1056446
1056705
1056446
1056427
1057482
1056705
1056464
1056464
1056724
1056520
1056520
1057669
1057076
1056520
1056557
1056594
1056964
1056446
1056428
1056428
1057020
1056408
1056446
1056631
1056483
1056465
1056446
1056743
1056427
1056409
1056409
1056779
1056464
1056557
1056464
1056798
1056520
1056502
1057038
1056613
1056668
1056520
1056853
1056483
1056520
1056575
1057242
1056538
1056464
1056539
1057038
1056613
1056501
1056502
1056816
1056483
1056502
1056631
1056594
1056483
1056483
1057057
1056557
1056520
1056483
1056854
1056501
1056557
1056464
1056890
1056409
1056482
1056372
1056927
1056483
1056483
1057409
1056631
1056502
1056520
1058761
1056501
1056594
1056483
1056927
1056520
1056428
1056427
1056946
1056428
1056428
1057391
1056650
1056483
1056428
1056891
1056539
1056465
1056464
1056816
1056538
1056520
1056539
1056964
1056557
1056446
1056446
1056816
1056409
1056539
1057317
1056724
1056501
1056501
1057112
1056539
1056483
1056465
1056761
1056464
1056408
1056483
1056853
1056557
1057094
1057335
1057242
1056983
1057020
1058131
1057131
1056965
1056928
1057353
1056983
1057057
1057094
1057390
1056964
1056964
1057001
1056946
1057094
1057131
1057983
1057187
1059446
1056946
1056835
1055928
1055872
1055835
1057983
1057001
1057094
1057020
1057520
1056928
1056928
1056872
1057020
1056983
1057020
1058465
1057335
1057057
1057020
1057353
1056983
1056502
1056428
1056909
1056539
1056483
1056483
1057002
1056445
1056445
1057279
1056650
1056483
1056354
1056779
1056464
1056427
1056445
1056928
1056538
1056520
1056465
1056983
1056465
1056464
1056482
1056872
1056501
1056538
1057391
1056705
1056520
1056465
1056853
1056465
1056446
1056446
1056872
1056428
1056576
1056575
1058094
1056520
1056502
1056594
1056945
1056446
1056520
1056723
1056520
1056520
1056483
1056687
1056464
1056483
1056483
1056797
1056390
1056464
1056520
1056760
1056483
1056427
1056705
1056446
1056390
1056502
1057058
1056539
1056428
1056427
1056909
1056501
1056465
1056483
1056983
1056520
1056464
1056483
1056928
1056483
1056501
1057279
1056668
1056409
1056576
1056853
1056464
1056371
1056390
1056761
1056428
1056464
1056390
1056854
1056483
1056446
1056446
1056872
1056483
1056502
1057371
1056613
1056502
1056483
1056687
1056465
1056409
1056557
1056928
1056539
1056520
1056483
1057020
1056483
1056427
1057428
1056761
1056427
1056502
1057835
1058946
1058261
1059076
1059057
1058631
1057724
1057817
1057687
1057705
1356034
1061538
1057816
1067020
1057298
1057206
1056631
1056539
1056576
1056761
1057280
1057206
1057039
1057316
1057186
1056983
1057483
1057242
1057057
1056983
1057372
1056928
1057002
1057242
1058853
1057094
1057020
1056983
1057520
1057038
1057168
1056964
1057595
1057076
1057002
1058131
1057242
1057057
1057020
1057390
1057001
1056945
1056983
1056964
1057112
1057038
1057002
1057446
1056982
1057039
1057965
1056742
1056538
1056354
1057038
1056446
1056557
1056501
1056668
1056557
1056502
1056519
1057427
1056539
1056464
1056446
1056854
1056520
1056446
1057372
1056761
1056557
1056409
1056816
1056464
1056409
1056446
1057001
1056464
1056372
1056446
1056927
1056446
1056391
1056372
1056946
1056520
1056465
1057445
1056520
1056427
1056501
1056742
1056465
1056446
1056465
1056891
1056539
1057631
1056483
1056908
1056761
1056390
1056650
1056502
1056409
1056409
1056798
1056501
1056409
1056465
1056742
1056520
1056575
1056465
1056835
1056501
1056409
