1064444
1058259
3515920
1061112
1057574
1057352
4430793
1060334
1057612
1057315
4793269
1059741
1058945
1057260
4830472
1059556
1057593
1057037
1057463
1057223
6705846
1067407
1058537
1057204
1057704
1057296
6695865
1059648
1057130
1056889
4827175
1059352
1057074
1056926
4825916
1059093
1060000
1058019
4821730
1059222
1057112
1057000
4826823
1059019
1059018
1057370
4827749
1059630
1057426
1057001
4821842
1059445
1057167
1057185
4825601
1060482
1057945
1057222
4823249
1059185
1058778
1057037
4824638
1059185
1057222
1057000
4840323
1059352
1058944
1057055
1057352
1057000
1057000
5637198
1057278
1062777
1057834
1057315
1057037
1056926
1056964
1057574
1057075
1056926
1057093
1060093
1059556
1057074
1057019
1057278
1056963
1057056
1057463
1057018
1056981
5786566
1057259
1056982
1056908
1057407
1057093
1056908
1056852
1057518
1056871
1056852
1056871
1057334
1057037
1056926
1056852
1057555
1056963
1056870
1057444
3913154
1057889
1056963
1056908
1057852
1057370
1057185
1056889
1057260
1056926
1056889
1056945
1057204
1056926
1056815
1056870
1057445
1056834
1056815
1057370
1057018
1056889
1056870
4740659
1057167
1056926
1056759
1057204
1056889
1056796
1056870
1057408
1057037
1056852
1056778
1057352
1056963
1056908
1056963
1057278
1056908
1056852
1056648
1056889
1057018
1056834
1058148
1056889
1056870
1056833
1057333
1057167
1056945
1056815
1060889
1057611
1056982
1056908
1057537
1057056
1058777
1056629
1058741
1057038
1056926
1057407
1056908
1056908
1056815
1057518
1056944
1056982
1056834
1057389
1056852
1056759
1022352
1057000
1056815
1056889
1057296
1056926
1056908
1057074
1059815
1061815
1056908
1057259
1057686
1056926
1056833
1056815
1057315
1056982
1056852
1057260
1056926
1056908
1056796
1057277
1056944
1056834
1056833
1057297
1056981
1056926
1056926
1057315
1056815
1056815
1056797
1060907
1059093
1057111
1057611
1057018
1056981
1056870
1057185
1056870
1056889
1056815
1057241
1056833
1056852
1056741
1057334
7127894
1058889
1057315
1056981
1057315
1057037
1058092
1057315
1057371
1056870
1056833
1056852
1057334
1056870
1056759
5200743
1057889
1057112
1057018
1057630
1056981
1056908
1056926
1057278
1057056
1056870
1056889
1057278
1056963
1056889
1056851
1057463
1056796
1056778
1057315
1056926
1056815
1056796
1057185
1056870
1056963
1056741
1057241
1056926
1056852
5338037
1057185
1056815
1056834
1057315
1056926
1056759
1059852
1058408
1056963
1056944
1056963
1057371
1056870
1056871
1056852
1057315
1056908
1056815
1057445
1056778
1056778
1056760
4740269
1057334
1057185
1056870
1057463
1056982
1056815
1056889
1057204
1056834
1056759
1056908
1060352
1059056
1058722
1058648
1057685
1057056
1056963
1057241
1056963
1056852
1056815
1057222
3676659
1057963
1057667
1057593
1058093
1057648
1057593
1057037
1057612
1057018
1056889
5422220
1056889
1056833
1056834
1057204
1056870
1056834
1056852
1057296
1056852
1056778
1056834
1057241
1056926
1056815
1056834
1057296
1056908
1056759
1057204
1056963
6858788
1057037
1056889
1056852
1060130
1057278
1056833
1056907
1058815
1056982
1056852
1056852
1057278
1057000
1056889
1056797
1057166
1056907
1056704
1057241
1056759
1056815
1056722
1057259
3683103
1058963
1057055
1056945
1057481
1056889
1056815
1056778
1057167
1056907
1056797
1056796
1057352
1056926
1056630
1056760
1057333
1056908
1056815
1057222
1056852
1057074
1056908
1057130
1056908
1056870
1056814
1057500
1056815
1056797
1056889
1057389
1056852
1056815
1056759
1057315
1059611
1059166
1057741
1056981
1056777
1056796
1057204
1056833
1056796
1056796
1057259
1056981
1056852
1056815
1057278
1056926
1056685
1024686
1057019
1057019
5883953
1057185
1057000
1056870
1057315
1057130
1056926
1056778
1057241
1056908
1056852
1056871
1057278
1056981
1056796
1056815
1057278
1057056
1056815
1057297
1056982
1056963
1056889
4743732
1057518
1057019
1056759
1060611
1057241
1056981
1056926
1058926
1057167
1057019
1056852
1100111
1059648
1057907
1057759
1059759
1057259
1056889
4915803
1057130
1057130
1056926
1057482
1056981
1056963
1056815
1057334
1057166
1057167
1056926
1057334
1057019
1057000
1056833
1057334
1056871
1056926
1056630
1056889
1056963
1056852
1057685
1056908
1060333
9599648
1065148
1060593
1061203
1058797
1057592
1057334
1057000
1060796
1057926
1057334
1058722
1059019
1058463
1058037
1057704
1374532
1058889
1057482
1057352
1056889
1056815
1056945
1057333
1056907
1056760
1056760
1057148
1056889
1056704
1057259
1057092
1056945
1056834
1057185
1057018
1056778
1056759
1057129
1056760
1056796
1056852
4276185
1057185
1056889
1056852
1057352
1057019
1056741
1056815
1057186
1056889
1056797
1056722
1057186
1056907
1056741
1056815
1057315
1056945
1056815
1060074
1057259
1056963
1057537
1057426
1057093
6624885
1057260
1056926
1056741
1057352
1056907
1056871
1056926
1057074
1056907
1056945
1056926
1056945
1056870
1056834
1056815
1057296
1056945
1056907
1057204
1056907
1056760
5800066
1057204
1057148
1056852
1057370
1056852
1057037
1056908
1057259
1056834
1056870
1056834
1057222
1056889
1056741
1056889
1057222
1057075
1056815
1059760
1057203
1056944
1056834
4742288
1057130
1056777
1056759
1058426
1057815
1057704
1057148
1057204
1056963
1056870
1056834
1059056
1057296
1057056
1056852
1057185
1056871
1057630
1058574
1056907
1057703
1057612
1057426
1057704
1057056
1056870
1057241
1056871
1056759
1056815
1057185
1056797
1056685
1056778
1057222
1056870
1056778
4877415
1059944
1057352
1056889
1057574
1057037
1056908
1056834
1059759
1057278
1056907
1056871
1057352
1056926
1056833
1056871
1058704
1057075
1056944
1057889
1057907
1057537
1057778
1058389
1057630
1057704
1057481
1058056
1057074
1056963
5326999
1057148
1056889
1057574
1058204
1057167
1056926
1056889
1058223
1057037
1056981
1060352
1057815
1057926
1057093
1057612
1057445
1057000
1056833
1056630
1056964
1056907
1056797
1060018
1057185
1056834
1056704
1057556
1056852
1056741
1056833
1057630
1056815
1056778
1056815
1057278
1056778
1056778
1057186
1056740
1056797
1056852
1057334
1056907
1056852
1056778
1057185
1056871
6304983
1057204
1056907
1056685
1057685
1056907
1056852
1056833
1057278
1056926
1056797
1056704
1057296
1056944
1056797
1056815
1057408
1056908
1056722
4982950
1058760
1058944
1057981
1062815
1059167
1060351
1062592
1058315
1056945
1056833
1058926
1060593
1063352
1073351
1061018
1068389
1068667
2148629
1063740
1061037
1058445
1062538
1071889
1073499
1065834
1062241
1063426
1065722
1062851
1061388
1059370
1058185
1058722
1056926
1056704
1056797
1057463
1058796
1058944
1062815
1060796
1061074
1060833
1058667
1057408
1056870
1056889
1019798
1057167
1056796
1056815
1057982
1063444
1056852
1057092
1060537
1058167
1056945
1056981
1063223
1073611
1066389
1072389
1074018
1065056
1067240
1060685
1066907
1065371
1060981
1059796
1417901
1063630
1057371
1065444
1059889
1056963
1058018
2501549
1066704
1059574
1063667
1061667
1041575
1057315
1056889
1056870
1057426
1057000
1056907
1056908
1057407
1057000
1056834
1056907
1057408
1056908
1057055
1056963
1057407
1056944
1057001
1056759
1057093
1057093
1056833
1058241
1057037
1056926
1056852
1057741
1057000
1056778
1056759
1057352
1056964
1056889
1056889
1057352
1056833
1056834
1057574
1056870
1056833
1056778
1057630
1057018
1056852
1056963
1057334
1056963
1056796
1056908
1057315
1056926
1056889
1013279
1057129
1056926
1056815
1057500
1057130
1056815
1056889
1057203
1056852
1056815
1056815
1057185
1056852
6254521
1057204
1056870
1056760
1057296
1056945
1056889
1057574
1057315
1056964
1056889
1056815
1057315
1056926
1056907
1056852
1057260
1056907
1056926
1060944
1057259
1056982
1057000
1057611
1057056
6624218
1057093
1057093
1056926
1057370
1057000
1056834
1056889
1057315
1056908
1057037
5427627
1056889
1056963
1057704
1058408
1057241
1056834
1056777
1057352
1057704
1057760
1057037
1057334
1056964
1056926
1056908
1059000
1058019
1057704
1057426
1056871
1056889
1056889
1057185
1057037
1056908
1056870
1057204
1056982
1056889
1056870
1057241
1056963
1056778
1056778
1057371
1056963
1056852
1059778
1057333
1056926
1056907
1057778
1056815
1056852
1056778
1057278
1061056
1058371
1057611
1057463
1057018
1057038
1015093
1057296
1056796
1056778
1057389
1056852
1056741
1056908
1057426
1056963
1056833
1056815
1057519
1056963
1056889
1056852
1057371
1056945
1056889
1057203
1056815
1056815
5796770
1057130
1056945
1056833
1057408
1056889
1056741
1056833
1060297
1057408
1056963
1056982
1057537
1056852
1058112
1057648
1058241
1057685
1057537
1058481
1057667
1057630
1057481
1057334
3675362
1057334
1057055
1056870
1057445
1056926
1056703
1056944
1057371
1056945
1056796
1056778
4371369
1057241
1056889
1056907
1057463
1056889
1056815
1056834
1057241
1056834
1056815
1056834
1057166
1056833
1056778
1056815
1057518
1056945
1056908
1057259
1056963
1056740
1056723
4746732
1057686
1056833
1058982
1057482
1057000
1056908
1056759
1060278
1057555
1057019
1058667
1057685
1056889
1056796
1056834
1057481
1056926
1056833
1057482
1057000
1056963
1056926
1057389
1056982
1056870
1056870
1057389
1056963
1056815
1057018
1057223
1056926
1056852
1056871
1057389
1056981
1056834
1056574
1057130
1058741
1056815
1057352
1056963
1056982
1056944
1057371
1056907
1056926
1056723
1057760
1056944
1056722
1015871
1057111
1056797
1056796
1059797
1057426
1056833
1056740
1057648
1056908
1056759
1056741
1057666
1057129
1056741
1056871
1057427
1056852
1056870
1056371
1056741
1056759
1056815
1057370
1056963
1056815
1056796
1057204
1056852
1056908
1056778
1057259
1056982
1056963
1057185
1057352
1057019
1056870
1057370
1057000
1056870
1056834
1057222
1056908
1056815
1056834
1057370
1056908
1056907
1056834
1057333
1056963
1056778
1027409
1056834
1056704
1056796
1059982
1057389
1056982
1056796
1057389
1056871
1056926
1056852
1057371
1056963
1056870
1056871
1057482
1056908
1056833
1057241
1056833
1056815
1056722
1057260
1056796
1056852
1056871
1057296
1056889
1056778
1056945
1057297
1056963
1056778
1056852
1057278
1056926
1056723
1058074
1057777
1057611
1057426
1058333
1057648
1057537
1057352
1058278
1057574
1057593
1056963
1057371
1056889
1056778
1019482
1057759
1057167
1056815
1057352
1057019
1057555
1056982
1061259
1057834
1057092
5420183
1057148
1056871
1056796
1060185
1057259
1056796
1056704
1057648
1057092
1056945
1056926
1057352
1057000
1056963
1056907
1057334
1056964
1057611
1056685
1057038
1056907
1056852
1057297
1056963
1056760
1056796
1060648
1057463
1056908
1057278
1057314
1056796
1056778
1056907
1057333
1056852
1056741
1056686
1056778
1056963
1056852
1057315
1056870
1056852
1056723
1057612
1056926
1056852
1056797
1057333
1056870
1056833
1023260
1056982
1056889
1056852
1057408
1056852
1056889
1056778
1060908
1057333
1058630
1058611
1057519
1057000
1056778
1056778
1057352
1056870
1056908
1057241
1056945
1056870
1056908
1057296
3679195
1057259
1057129
1056963
1057445
1057037
1057055
1056797
1057222
1057019
1057685
1056833
1057259
1057704
1057760
1057537
1057334
1057574
1057612
1057352
1057056
1056889
1056797
1057426
1056964
1056889
1056982
1059796
1058722
1057074
1056870
1057556
1056981
1056889
1056796
1057278
1057074
1056797
1059741
1057093
1056797
1056778
1057555
1056907
1056815
1058592
1057370
1056908
1056778
1056815
4185760
1057333
1057037
1056815
1057333
1056834
1056759
1056815
1057352
1057019
1056722
1056889
1057352
1056870
1056852
1056833
1057241
1056834
1056760
1056537
1056797
1056852
1056852
1057223
1056889
1057000
1056759
1057185
1056982
1056852
5343425
1057185
1056760
1056723
1057352
1056778
1056759
1056833
1059648
1057056
1056889
1056908
1057592
1057001
1056963
1056852
1057427
1056852
1056833
1057315
1056945
1056815
1056834
1057278
1056852
1058667
1056759
1057278
1056908
1056833
1056741
1057315
1057001
1056852
1056870
1057371
1057000
1056963
1057333
1056759
1056759
1057519
1057407
1056926
1056871
1056834
1057222
1056741
1056963
1056815
1057426
1057018
1056834
1026667
1056889
1056852
1056871
1057407
1056871
1056852
1056815
1057334
1056815
1056815
1056852
1057482
1057092
1056797
1056870
1057426
1057037
1056963
1057315
1056907
1056852
1056870
1057370
1056871
1056889
1056889
1057259
1056908
1056815
1056945
1057241
1056889
1056704
1056871
1057408
1056907
1056870
1057204
1056889
1056833
1056889
1057260
1057019
1056852
1056852
1058574
1057908
1057500
1057518
1058204
1057723
1057555
1025168
1057612
1057426
1057426
1061278
1058204
1057685
1057741
1058241
1057093
1057018
1056871
1057519
1056870
1057630
1057111
1058407
1057778
1056889
1057370
1057056
1056778
1056852
1058186
1057592
1057556
1057018
1057834
1057056
1056833
1056778
1058222
1056963
1056833
5096004
1057908
1057704
1057537
1058148
1057741
1057519
1057500
1057464
1056796
1057611
1056871
1057278
1057574
1057648
1057408
1058056
1057500
1057575
1057574
1057667
1057056
1057574
1061241
1057427
1057185
1056778
1058352
1057871
1056963
1056964
1057389
1057018
1056741
1056778
1061389
1057889
1057685
1058815
1058000
1057167
1056982
1057259
1057019
1056870
1056686
1060241
1058889
1057111
1056870
1057371
1056796
1056815
1057259
1056759
1056871
5826028
1057074
1056834
1056833
1057278
1056908
1056797
1056833
1057167
1056945
1056981
1056814
1057185
1056926
1056907
1056778
1057149
1056981
1056908
1056537
1056722
1056760
1056815
1057278
1056815
1056852
1056815
1057185
1057037
1056704
1056760
1057408
1057093
1056760
1056852
1057482
1056889
1056815
1056519
1057685
1057482
1057481
1058352
1057833
1057463
1057463
1058130
1057722
1056944
1056852
1057556
1056723
6082672
1057075
1056760
1056815
1057871
1059555
1056796
1056815
1057408
1056796
1056797
1056796
1057408
1056740
1056796
1056778
1057352
1057278
1056833
1057260
1056815
1056778
1056871
1057352
1056963
1056778
1056834
1057278
1056834
1056834
1056871
1057148
1057982
1057667
1057555
1058222
1057630
1057518
1058148
1057482
1057500
1057000
1057278
1057019
1057611
1057593
1058056
1057037
1057408
1056889
1057334
1057740
1057703
1018631
1057777
1057019
1056926
1057445
1058926
1057297
1057093
1057445
1057037
1056944
5422313
1057130
1056815
1056907
1057204
1056852
1057148
1056871
1057426
1056889
1057037
1057389
1061389
1068278
1064240
1059611
1057759
1057056
1056870
1058704
1063074
1067519
1059685
1057333
1056981
1056908
1056908
1864190
1068963
1554899
1075074
1062204
1058037
1057833
1056945
1056926
1056870
1060556
1061778
1057352
1056908
1063703
1060870
1057278
1057611
1057426
1057000
1056778
1056667
1056796
1056871
1056815
1058167
1056871
1056815
1056852
1057260
1056926
1056907
1056778
1057241
1056889
1056685
1050149
1057278
1056945
1056945
1061074
1057056
1056834
1056870
1057815
1057074
1056889
5421998
1057333
1057778
1057797
1058740
1057852
1057611
1057592
1058223
1057741
1057538
1057666
1057407
1057778
1057630
1056926
1057574
1056871
1056852
4961451
1057167
1056852
1056871
1057259
1057000
1056815
1056778
1057259
1056926
1056907
1056815
1057260
1056908
1056796
1056815
1057222
1056908
1056796
1056630
1056981
1056815
1056815
4768250
1060112
1058648
1060445
1058834
1059296
1058963
1061334
1062185
1058722
1058685
1056982
1058759
1057259
1057352
1056870
1057649
1056926
1057018
1057408
1057000
1056797
1056852
1057667
1056908
1056833
1056833
1057260
1056889
1056889
1056852
1057296
1056852
1056797
1059518
1057130
1056926
1056778
1057370
1056704
1056852
5656624
1058278
1057648
1057574
1058129
1057593
1057482
1057463
1062222
1057371
1057074
1057611
1058278
1057612
1057648
1057000
1058241
1057704
1057222
1059704
1057278
1056963
1057019
1057741
1058000
1057241
1057593
1057500
1057723
1057852
1057445
1057407
1057871
1057722
1057667
1057389
1056926
1057667
1056759
1057685
1056963
1056870
1057352
1056908
1056963
1056926
1057371
1056944
1057019
1056889
1057389
1056926
1056945
1057315
1057038
1056926
1056908
4773880
1057037
1056889
1056889
1059926
1057278
1057186
1058667
1057481
1056908
1056796
1056760
1057204
1057019
1056852
1056834
1057296
1056871
1056704
1057278
1056889
1056834
1056778
1057259
1056796
1056852
1056723
1057204
1056889
1056889
1056889
4282111
1057149
1056944
1056889
1057278
1056815
1057612
1057130
1058130
1057612
1056963
1057056
1057333
1057000
1057555
1057093
1057519
1057574
1057575
1056833
1057556
1056963
1056926
1057426
1057500
1057000
1056833
1059908
1057130
1056982
1057833
1057686
1057149
1056963
1056852
1057371
1056833
1056889
1056667
1056852
1056907
1056815
1057686
1056963
1056833
1056870
1057370
1056945
1056759
1056741
1058093
1057260
1056870
1019594
1057075
1056963
1056908
1057407
1056963
1056944
1056797
1057426
1056908
1056907
1056741
1058463
1057278
1056945
1056833
1057334
1056889
1056926
1056519
1056815
1056833
1056982
1057371
1056982
1056944
1056815
1057389
1057037
1056908
1056815
1057297
1056907
1056871
1056815
1057315
1056907
1056796
1056463
1056889
1056834
1056815
1057333
1057019
1056889
1056815
1057389
1056815
1056870
1056760
1057241
1056889
1056741
1029853
1056889
1056889
1056870
1057370
1057018
1056982
1056760
1057315
1057037
1056926
1056889
1057426
1057019
1057000
1056889
1057278
1056889
1056908
1056426
1056723
1056907
1056852
1057241
1056982
1056852
1056815
1057352
1056871
1056815
1056871
1057389
1057019
1056833
1056852
1057277
1056889
1056796
1056519
1056796
1056760
1060574
1057574
1059167
1058037
1058667
1059593
1058130
1058037
1058334
1058038
1056907
1056889
1029612
1060000
1060037
1057704
1057648
1056871
1056889
1056907
1057796
1057074
1056945
1056797
1057296
1056926
1056815
1056760
1057222
1056945
1056852
1057408
1056908
1056870
1056870
1057315
1056945
1056815
1056889
1057426
1056926
1056796
1056908
1057296
1056870
1056834
1056908
1057315
1056982
1056833
1061334
1057352
1057092
1056926
1057833
1056926
1056908
1056777
1057444
1056982
1056833
1056815
1057370
1056871
1056944
1059926
1057186
1056944
1059981
1057963
1057945
1057759
5592458
1057112
1056963
1056722
1057223
1057019
1056870
1057038
1057222
1056852
1056797
1056963
1059056
1057037
1056833
1056815
1057223
1056926
1056760
1057259
1056945
1056834
1056815
1057315
1056833
1056927
1056778
1199386
1060852
1057018
1056815
1057611
1056964
1056889
1057296
1056944
1056889
1056778
1057370
1056907
1056815
1056759
1057500
3454495
1057222
1056963
1056797
1057167
1056926
1056889
1056870
1057260
1057704
1057666
1057537
1058185
1057815
6251243
1057223
1056926
1056963
1057333
1057797
1057759
1057648
1058963
1057649
1057555
1057612
1058093
1057630
1057482
5192280
1057278
1056982
1057611
1061259
1057944
1057648
1057537
1060370
1057722
1057593
1057482
1058130
1057556
1057148
1056907
1057333
1056852
1056833
4961784
1057722
1056944
1056926
1057333
1056908
1057056
1056797
1057259
1056852
1056889
1056778
1057408
1056815
1056870
1056833
1057278
1057000
6023525
1057093
1057056
1056777
1057240
1056889
1056870
1056926
1057278
1056908
1056907
1056741
1057130
1056797
1056722
1056870
1057259
1056982
1056815
1057537
1056927
1056852
1056963
1057222
1056760
1056871
1056722
1057093
1056852
1056871
1056796
1057204
1056944
1056759
1056871
1057315
1056908
1056778
1056389
1057037
1056815
1056833
1057445
1056870
1056907
1056760
1057278
1056890
1056852
1056741
1057352
1056833
1056871
1035186
1056982
1056815
1056889
1057278
1056778
1056815
1056778
1057259
1056889
1056870
1056778
1057112
1056926
1056871
1056889
1057167
1056907
1056945
1059796
1057352
1057111
5796066
1057223
1057037
1056833
1057352
1056907
1056907
1056834
1060167
1057111
1057037
1056926
1057556
1057037
1056834
1056871
1057352
1056945
1056852
1056463
1056908
1056833
1056889
1057333
1056815
1056815
1056778
1057241
1056852
6397130
1057093
1057056
1056907
1057149
1056889
1056834
1056870
1057259
1056944
1056871
1056796
1057204
1056797
1056926
1056871
1057297
1056870
1056871
1057519
1056834
1056926
5800733
1057055
1056833
1056945
1057259
1056797
1056796
1056833
1057259
1056944
1056834
1056963
1057852
1056981
1056907
1056796
1057333
1057130
1056889
1057408
3914598
1057167
1057000
1056834
1057278
1056964
1056852
1056834
1057352
1056797
1057685
1057093
1057260
1057667
1057648
1057482
1057333
1056926
1056833
1056481
1056796
1056833
1056889
1059963
1059889
1057852
1057074
1057592
1056926
1056722
1056833
1057278
1056926
1056945
1056926
1057389
1057167
1056889
1060370
1057334
1056852
1056834
1057444
1057056
1056815
1056870
1057408
1056981
1056852
1056870
1057352
1056926
1056815
1017056
1056889
1056778
1056945
1057407
1056815
1056870
1056796
1057278
1056815
1056982
1057000
1057593
1056852
1056833
1056852
1057259
1056926
1056889
1056519
1056796
1056870
1056834
1057389
1056926
1056908
1056945
1059926
1057352
1056870
1056815
1057666
1057037
1056834
1056889
1057426
1056908
1056741
1057260
1057148
1056889
1057038
1057334
1056852
1056649
1056778
1057297
1060870
1057018
1056833
1057519
1056871
1057037
1024371
1056944
1056852
1056852
1057426
1056963
1056815
1056908
1058926
1057112
1056944
1056815
1060426
1540399
1099388
1060426
1362661
1085722
1060815
1586528
1084796
1062075
1098295
1060982
1555214
1076759
1085870
1060926
1086537
1060833
1566010
1083981
1060815
1088833
1060926
1570676
1083648
1060704
1085703
1564806
1107370
1060167
1060334
1060296
1372550
1083204
1060963
1584658
1082889
1060741
1088389
1059981
1562936
1083000
1060908
1085667
1060889
1568528
1082573
1060796
1088333
1060889
1088000
1546603
1080185
1060889
1092759
1061000
14720929
1059315
1057686
1057297
1057593
1057315
1057001
1057037
1057389
1057056
1057037
1057019
1065630
1057796
1057204
1056982
1057426
1056982
1056796
1057278
1056963
1058482
1057889
1058686
1057889
1057648
1057630
1058555
1058056
1057611
1057556
1057555
7200672
1057222
1057463
1057112
1057315
1057000
1056981
1056852
1057315
1056852
1056852
1056815
1057093
1056852
1057204
5198224
1057074
1057074
1056815
1057315
1057982
1056908
1057259
1057296
1057001
1056796
1056686
1057389
1056889
1056852
1056815
1058241
1057722
1057519
1058297
1057703
1057537
1057464
1058648
1057648
1057519
1057482
1057278
1057741
1057611
1057648
1057630
1056963
1056704
1057556
1057241
1057592
1057055
1057334
1057556
1057537
1057019
1057352
1056796
1056778
5470905
1057055
1056759
1056741
1057241
1057000
1056760
1056907
1061296
1057481
1057260
1057056
1057649
1057129
1056981
1056852
1057407
1056963
1056833
1056593
1057148
1056963
1056870
1059907
1057204
1058648
1058815
1057723
1057055
1056908
1056870
1057667
1056944
1056722
1056889
1057296
1056963
1056889
1057296
1056889
1056870
1056889
1057203
1056944
1056852
1056815
1057278
1056871
1056704
1056723
1057259
1056852
1056778
1019945
1057037
1056889
1056797
4828601
1057389
1056963
1056908
1060018
1057464
1056981
1058593
1057630
1056963
1056945
1056834
1057296
1056889
1056945
1056926
1057297
1057000
1056908
1060296
1057093
1056834
1056797
1057667
1056945
1056759
1056834
1057574
1056907
1056889
1056815
1057240
7218337
1057259
1056963
1056722
1057296
1057000
1056833
1056760
1057315
1056740
1056796
1056852
1057370
1056982
1056981
1056870
1057333
1056963
1056889
1057278
1056907
6857548
1057204
1056926
1056741
1057278
1057074
1056889
1056870
1057204
1056908
1056778
1056760
1057241
1056889
1056870
1056834
1057371
1056926
1056889
1057759
1057314
1056871
1056889
1057538
1056815
6628774
1057130
1056907
1056871
1057407
1056870
1056834
1056797
1057426
1056889
1056760
1056852
1057259
1056797
1056759
1056796
1057185
1056944
1056889
1057889
1057018
1056871
1056759
1060666
1057204
1057075
1056871
1057519
1056833
1056741
1056963
1057389
1056981
1056908
1056741
1057241
1056889
1056834
1059907
3826360
1057407
1060167
1057944
1057630
1057722
1057074
1058037
1057630
1057723
1057500
1057019
1057352
1056945
1056815
1056907
1058167
1057741
1057612
1057334
1056889
1056889
1056871
1057555
1057092
1056778
1056889
1057204
1056926
1056870
1056741
1057315
1056944
6156116
1057852
1057149
1056815
1057667
1057648
1057018
1056889
1057277
1056796
1056741
1056778
1058130
1057797
1057537
1057093
1057333
1056834
1056796
1056482
1056778
1056871
1056797
1057389
1056796
1056815
1056834
1057334
1057018
1056889
1056815
1057166
1056870
1056926
1056760
1057223
1056796
1056703
1057296
1056852
1056833
1056815
1057241
1056796
1056815
1056759
1057222
1056852
1056834
1056852
1057427
1056981
1056760
1029890
1057056
1056796
1056759
1059759
1057240
1057074
1056908
1058871
1057093
1056815
1056685
1057222
1056889
1056833
1056778
1057315
1056852
1056759
1059667
1057407
1056852
1056815
1057408
1056982
1056889
1056833
1057278
1056945
1056852
1056944
1057649
1057019
1056908
1056889
1057315
1056963
1056852
1056574
1056889
1056963
1056908
1057333
1057000
1056889
1056926
1057426
1057204
1056945
1056796
1057408
1056981
1056796
1024094
1057074
1056797
1056870
1057463
1057000
1057019
1056870
1059852
1057370
1056889
1056834
1057815
1056926
1057055
1056833
1057408
1056870
1056723
1057241
1056945
1056815
1056871
1057278
1057019
1056908
1056889
1057389
1056963
1056982
1056797
1057333
7222467
1057296
1058703
1056945
1057426
1057000
1056834
1056944
1057277
1056870
1056871
1056722
1057315
1056890
1056852
1056833
1057501
1056908
1056852
1057259
1056926
1056778
1056760
1057297
1057111
1056834
1056889
1060556
1057037
1057056
5337778
1057333
1057075
1056834
1057481
1057037
1056908
1056926
1059778
1057278
1056963
1056982
1057445
1056926
1056834
1056944
1057371
1056981
1056945
1057222
1057055
1056815
1056871
4740677
1057185
1056834
1056870
1057371
1056982
1056815
1056852
1057389
1056834
1056926
1056927
1057500
1056944
1056889
1056926
1057371
1056834
1056852
1057352
1056741
1056815
1056778
1059870
1057371
1057000
1056908
1057741
1057186
1056963
1058778
1057352
1056926
1056926
1056945
1057370
1056908
1056908
1056574
1057037
1056889
1056926
1057574
1058463
1058926
1058778
1058112
1058852
1058111
1059056
1059333
1057740
1060259
1056722
1058797
1056852
1056889
1057667
1057222
1057278
1056908
1057352
1056981
1056834
1056908
1057982
1057093
1056889
1056853
1057407
1056871
1056945
1057722
1056871
1057018
1056777
1057278
1056963
1056778
1056778
1057500
1057074
1056889
1056871
1057315
1057148
1057297
1061111
1057056
1056944
1056834
1057426
1057019
1057019
1056889
1057167
1056944
1056871
1056834
1057407
1056852
1056778
1056723
1057148
1056963
1056741
1057260
1056963
1056926
1056852
1057260
1056889
1056871
1056704
1059018
1057778
1057629
1057556
1058185
1057648
6163448
1057260
1056926
1056815
1057241
1056908
1056741
1056908
1057296
1056927
1056889
1056741
1057204
1056944
1057001
1056963
1057408
1056981
1056778
1057445
1057019
1056926
1057797
1058185
1057759
1057629
1057574
1058630
1057704
1057667
1057574
1058074
1057482
1057574
1057519
1057556
1057667
1057685
1057575
1057611
1057464
1057481
1058315
1057889
1059463
1057593
1058130
1057759
1057537
1057556
1058241
1057630
1057500
1056778
1057685
1060389
1057630
1057370
1057055
1057538
1057704
1058241
1057593
1057130
1056852
1057426
1057019
1056963
1056870
1060537
1057149
1056926
1057519
1057111
1056945
1056815
1057500
1057074
1056889
1056889
1057315
1057000
1056871
1056833
1057352
1056945
1056797
1052556
1057093
1057000
1056797
1057223
1056871
1056722
1056814
1058056
1057037
1056871
1056833
4370350
1057130
1056870
1056760
1057333
1056833
1059760
1057074
1057760
1056889
1056778
1056927
1057334
1056889
1056871
1056871
1057148
7080914
1057222
1057186
1056852
1057444
1057815
1056796
1056926
1057315
1056871
1056833
1056871
1057260
1056852
1056778
1056963
1057223
1056926
1056778
1060593
1057297
1056926
1057000
1057537
1057333
1056982
1056852
1057278
1056852
1056796
1056814
1057445
1056945
1056815
5110245
1057112
1056796
1056796
1057445
1056889
1056871
1056741
1057315
1056945
1056833
1056926
1057278
1057000
1056852
1056834
1057222
1056889
1056871
1059870
1059259
1058334
1057019
1057593
1056982
1056908
1056871
1057426
1056870
1056889
1056889
1057426
1056963
1057056
1057389
1057241
1056981
1056833
1056611
1057000
1056760
1056778
1057611
1056907
1061388
1058815
1058518
1058889
1058092
1058759
1058371
1058574
1058889
1057315
1056889
1057075
1056833
1057815
1060056
1059037
1057390
1057463
1057112
1056944
1056944
1058315
1057148
1057000
1056945
1057630
1057018
1057222
1057981
1057000
1060852
1057334
1057796
1057056
1057056
1056944
1057482
1057018
1056927
1056908
1057222
1056907
1056926
1050982
1059704
1056815
1056889
1057370
1056889
1056926
1056889
1057482
1057056
1056981
1056945
1057315
1056926
1056926
1056907
1057427
1057000
1056815
1056500
1056871
1056796
1056963
1057278
1056964
1056926
1056852
1057278
1056908
1056944
1056945
1057611
1056982
1056944
1057000
1057537
1056908
1056945
1057223
1057092
1056982
1056926
1057426
1057019
1056815
1056982
1059463
1057815
1057667
1057667
1058185
1057723
6072005
1056945
1056759
1056871
1057759
1057166
1056945
1056944
1059945
1057519
1057075
1058519
1057666
1057166
1056927
1056815
1057370
1056982
1056852
1057149
1056833
1056797
1056814
1057296
1056815
1056834
1056889
1057130
3453162
1057204
1057685
1056889
1057240
1056944
1056760
1056778
1057833
1056908
1056834
1056741
1057370
1056797
1056871
1056704
1059926
1057167
1057056
1057592
1057056
1057001
5794844
1056982
1056890
1056852
1057352
1056982
1056889
1056889
1060222
1057334
1057074
1057000
1057593
1056926
1056704
1056870
1057315
1056908
1056833
4969451
1057241
1057075
1056852
1057389
1056926
1056908
1056871
1057296
1056889
1056889
1056760
1057297
1056833
1056852
1056834
1057352
1056963
1056815
1057260
1056926
6855825
1056982
1057222
1057056
1057389
1057000
1056834
1056871
1057407
1056871
1056871
1056852
1057426
1056889
1056852
1056852
1057240
1056871
1056870
1057241
1057000
1056889
5799881
1056852
1056926
1056926
1057259
1056963
1056963
1056981
1057297
1056907
1056870
1056778
1057204
1056889
1056797
1056778
1057278
1056926
1056889
1057537
1057870
1057722
1057630
1058352
3683028
1057111
1057074
1057018
1057371
1057000
1056852
1056944
1057408
1056982
1056963
1056963
1057371
1056926
1056963
1056871
1057426
1056926
1057001
4976450
1057704
1057204
1057019
1057315
1056981
1056759
1056852
1057389
1056908
1056834
1056834
1057185
1056889
1056833
1056889
1057426
1056963
1056852
1057278
1056926
1056778
1056908
1057222
1056741
1056852
1056797
1057241
1056926
1056778
1056815
1057260
1056908
1056740
1056852
1059778
1057167
1056944
1056889
1057056
1057464
1056963
1057630
1056778
1056833
5478257
1057148
1056889
1056889
1057352
1056871
1056870
1056926
1057574
1057000
1056944
1056871
1057278
1056963
1056778
1056778
1057278
1056871
1056871
1057259
1057075
1056778
1056907
1057222
1056889
1056871
1056833
4514700
1061222
1061315
1058630
1057445
1057019
1056852
1056889
1057334
1057000
1056815
1056797
1057204
1056908
1060556
1057278
1057537
1056963
1057001
1057111
1062130
1057741
1057315
1057186
1056852
1056815
1056815
1057278
1056963
1056760
1056778
4266519
1057167
1056796
1056889
1057278
1057037
1056834
1056815
1057223
1056796
1056870
1056852
1057222
1056797
1056852
1056833
1057333
1056945
1057019
1057148
1056889
6856252
1057834
1056889
1056760
1058241
1056982
1056833
1056815
1062870
1058259
1057055
1056815
1058704
1057704
1057055
1056815
1058260
1057055
1056908
1057260
1056870
1056778
5788937
1057185
1056981
1056852
1059685
1057204
1058704
1058741
1057574
1057000
1056852
1056778
1057315
1056741
1056778
1056778
1057259
1056945
1056741
1057260
1056815
1056833
5794140
1057111
1056944
1056852
1057296
1056908
1056964
1056760
1057333
1056815
1056889
1056797
1057278
1056907
1056834
1056907
1057574
1056907
1056871
1056500
1056852
1056853
1056796
1057278
1056870
1056852
1056796
1057297
1056852
1056908
1056778
1057315
1056926
1056852
1056852
1057407
1056889
1057500
1056611
1056945
1056667
1056815
1057408
1057111
1056926
1056778
1057426
1056926
1056871
1056889
1057444
1056889
1056815
1032871
1057000
1056797
1056759
4827897
1057796
1057055
1056890
1057222
1057611
1057648
1056945
1060167
1058203
1057907
1057815
1058482
1057741
1057611
1057037
1057445
1057037
1056759
1057297
1056852
1056760
1056815
1057278
1056926
1056815
1056889
1057260
1056964
1056778
1056741
1057278
1056870
1056760
1056741
1057352
6989675
1057056
1056982
1056833
1057223
1056852
1056889
1056778
1057167
1057741
1057741
1057686
1058204
1057630
1057537
1057463
1058148
1057704
1057593
1057297
1057648
1057518
1057019
1060815
1058870
1057112
1056889
1058667
1057038
1056908
1056833
1058352
1057760
1057019
1056944
1058297
1057056
1056852
4868915
1057241
1056945
1056926
1059815
1057315
1056815
1058481
1057575
1057018
1056833
1058556
1057315
1056945
1056852
1056797
1057334
1056870
1056908
1057296
1057037
1056852
1056834
1057204
1057000
1056852
1056871
1057259
1056908
1056815
1056797
1057389
7220856
1057297
1057037
1056889
1057556
1057018
1056852
1056852
1057278
1056871
1056852
1056797
1057241
1056889
1056833
1056871
1057185
1056963
1056722
1057260
1057111
1056982
1056834
4747491
1058019
1057186
1056963
1057204
1056778
1056833
1056871
1057259
1057037
1056797
1056907
1057260
1056834
1056907
1056760
1057333
1056889
1057519
1057426
1056982
1056907
1056870
1057445
1057001
1056889
1056908
1057241
1056963
1056815
1056852
1057407
1056889
1056945
1056870
1057649
1056926
1056982
1057333
1056908
1056908
5708493
1057130
1056982
1056963
1057370
1056889
1057649
1057000
1060778
1058427
1057907
1057686
1059093
1057685
1057611
1056982
1057759
1057778
1057167
1057019
1057760
1057555
1057556
1058278
1057704
1057500
1057463
1057556
1056815
1057593
1056982
1057501
1056926
1056870
1056944
1057444
1057093
1057001
1057259
1057000
1056834
1056797
1059815
1057426
1056945
1056889
1057648
1061000
1058556
1057037
1057315
1060537
1059945
1057037
1056964
1057000
1056796
1057426
1056963
1060778
1057000
1057333
1056852
1056797
1056704
1057518
1056741
1056815
1056852
1057315
1056834
1056778
1056796
1057000
1056797
1056926
1057407
1056870
1056889
1056797
1057297
1056926
1056815
1056833
1057352
1056944
1056908
1051130
1057019
1056871
1056759
1057389
3770546
1057111
1056889
1056815
1057334
1056963
1058278
1056889
1057371
1057500
1057722
1057574
1057259
1057629
1057703
1056963
1057426
1056908
1056889
1057445
1057741
1057630
1057445
1057426
1056982
1056944
1059649
1057649
1057149
1057037
1057167
1057296
1056815
1056834
1056889
1058056
1056981
1056889
1056686
1056907
1056890
1056796
1057408
1057056
1057112
1056871
1057241
1056889
1056908
1056778
1057297
1056870
1056852
1019241
3998245
1057593
1056834
1056945
1057389
1056945
1057648
1057630
1057315
1056982
1058186
1057852
1058686
1057630
1056982
1056871
1057444
1057612
1057648
1057260
1057630
1057092
1056944
1057278
1056797
1056834
1056889
1057352
1056852
1056889
1056685
1057389
1056907
1056815
1056926
1057297
1056982
1056778
1057333
1056908
1056889
1056926
1057408
1059926
1057000
1057037
1057334
1056926
1056834
1056815
1057407
1056944
1056870
5017969
1057167
1056797
1056852
1057500
1056889
1058038
1057037
1060481
1058445
1057889
1057518
1058815
1058056
1057648
1057037
1057426
1056907
1056704
1057093
1056833
1056778
1056833
1057278
1056945
1056759
1056870
1057204
1056944
1056777
1056833
1057278
1056963
1056815
1056834
1057241
1056889
1056797
1056555
1056797
1062519
1057778
1057408
1056963
1056889
1056834
1057259
1056982
1057130
1056796
1057315
1056907
1056778
1014241
1057001
1056963
1056759
1057278
1056740
1056722
1056815
1057315
1056982
1056778
1056759
1057371
1056926
1056797
1056797
1057130
1056907
1056778
1057259
1056926
1056889
1056760
1057315
1056741
1056907
1056703
1057333
1056852
1056852
1056759
1057352
1057000
1056889
1056852
1057296
1056833
1056833
1057278
1056685
1056926
1056815
1057259
1056926
1056852
1056815
1057278
3373682
1056889
1056833
1056945
1057315
1056815
1056852
1056926
1057167
1056889
1056796
1056704
1057278
1056871
1056778
1056889
1057260
1056926
1056853
4978432
1057685
1057222
1056908
1057408
1056796
1056834
1056834
1057259
1056815
1056741
1056723
1057685
1057148
1056852
1056907
1057352
1057001
1056815
1056964
1056945
1056963
1056834
1057445
1056908
1056852
1056796
1057353
1056852
1056907
1056704
1057185
1056907
1056852
1056889
1057370
1056834
1056778
4880860
1057186
1056833
1056759
1057297
1056889
1056833
1056796
1057241
1056852
1056907
1056852
1057186
1056889
1056927
1056870
1057278
1056797
1056834
1057148
1056926
1056833
1056945
1057259
1056908
1056759
1057000
1057260
1056963
1056889
1056796
4287277
1057129
1056981
1056797
1057223
1056871
1056889
1056778
1057297
1056908
1056815
1056982
1059445
1059833
1059056
1058686
1058870
1057889
1059185
1058575
1059444
1058037
1061556
1057500
1056852
1056815
1056834
1057519
1056944
1056982
1056778
1057852
1056926
1056797
1058981
1057445
1056796
1056797
1057370
1056833
1056963
1056796
1057500
1056759
1056796
1056778
1057185
1056722
1056833
1056926
1057222
1056815
1056797
1056667
1056778
1056871
1056741
1057241
1056963
1056760
1056833
1057260
1056833
1056778
1056815
1057149
1056945
1056778
1056834
1057129
1056852
1056796
1057371
1057722
1057593
1057630
1058167
1057704
1057518
1057463
1058186
1057778
1057037
5284427
1057259
1056760
1056741
1060074
1058074
1058907
1058593
1058852
1062908
1061908
1058334
1058666
1057186
1057648
1056907
1058185
1057723
1057019
1057074
1056907
1057482
1057593
1057445
1056926
1057648
1056871
1057371
1056889
1056704
1056815
1057259
1056945
1056889
1056852
1057240
1056926
1056760
1056574
1056926
1056815
1056852
1057352
1056963
1056871
1056796
1057703
1056853
1056815
1056778
1057222
1056926
1056815
1057463
1056945
1056834
1056815
1057371
1056870
1056852
1056890
1060370
1057371
1058796
1058685
1057648
1056982
1056963
1056944
1057612
1056982
1056834
1057260
1056908
1056907
1056870
1057241
1056944
1056852
1056852
1057259
3396664
1057130
1057186
1056889
1057296
1056741
1056778
1056926
1057241
1057000
1056945
1056871
1057315
1056926
1056871
1059889
1057870
1056981
1056964
1057334
1057000
1056852
1056723
1057241
1056834
1056852
1056833
1057223
3453569
1057129
1057259
1057018
1059852
1058352
1058685
1057056
1057611
1057815
1057204
1056852
1057482
1057871
1058704
1056871
1057389
1056815
1056778
1057241
1056797
1056796
1056926
1057315
1056927
1056926
1056759
1057223
3446755
1057204
1056926
1056870
1060537
1057796
1057038
1058333
1057426
1056907
1056870
1056834
1057371
1056815
1056852
1056852
1057315
1056852
1056852
1057223
1056871
1056796
1056740
1057315
1056852
1056759
1056722
1057315
1056760
1056870
1057019
1057408
1056889
1056722
1056815
1057278
1056926
1056815
1057482
3824675
1058741
1056981
1056926
1057240
1056870
1056889
1056778
1057389
1056926
1056853
1056778
1057315
1056871
1056815
1056723
1057370
1056963
1056741
1059926
1057259
1056945
1058648
4736917
1061185
1058908
1060593
1058870
1058592
1059427
1059445
1060074
1059259
1059963
1063018
1058185
1057703
1057018
1056852
1058537
7049730
1057704
1056889
1056797
1057574
1056853
1056833
1056778
1058833
1057167
1056834
1056834
1057592
1056982
1056834
1056852
1057297
1057000
1056722
1057241
1056870
1056760
1056926
1057352
1056982
1056797
1056833
1057333
1056927
1056815
1056834
1057296
1056889
1056852
1056797
1057241
1056907
1056778
1057297
1057037
1056889
1056815
1057148
3598364
1059593
1165313
1060018
1057630
1057130
1056889
1057500
1059889
1057111
1058834
1058667
1057371
1056982
1056889
1056797
1057685
1056981
1056945
1057334
1057037
1056945
1056833
1057241
1056815
1056741
1056797
1057333
1057001
1056981
1056890
1057222
7106266
1057389
1057000
1056908
1057297
1057037
1056889
1056815
1057334
1056982
1056741
1056852
1057352
1057055
1056870
1056871
4142706
1057241
1056982
1056815
1057241
1056834
1056889
1056945
1060111
1057038
1056945
1056852
1057519
1056926
1056871
1056722
1057575
1056926
1056890
1057278
1056963
1056796
1056797
1057112
1056815
1056908
1056852
1057223
1056778
1056926
1056908
1057333
1056963
1056889
1056760
1057222
1057093
1056944
1057352
1056889
1056852
1056889
1060074
1057278
1056944
1056834
1057593
1057000
1056908
1056927
1057352
1056963
1056926
1025130
1059297
1057093
1056908
1057482
1056944
1056852
1056852
1057204
1057019
1056889
1056778
1057352
1057056
1056926
1056889
1057297
1056815
1056889
1057463
1056926
1056741
1056907
1057444
1056926
1056926
1056908
1057278
1056852
1056945
1056945
1057278
1057000
1056889
1056852
1057889
1056797
1056852
1056519
1057055
1057074
1056889
1057426
1057001
1056796
1056778
1057315
1056870
1056796
1056833
1057333
1056796
1056778
1027575
1057111
1056889
1056870
1057315
1056908
1056833
1057001
1057389
1056963
1056889
1057019
1057259
1056889
1056945
1056889
1057260
1056871
1056871
1057148
1056871
1056926
1056760
1057408
1056963
1058056
1057852
1058204
1057574
1057519
1057371
1058111
1057667
1057537
1057555
1057315
1057704
1057870
1057371
1057686
1057556
1057389
1058371
1057685
1057574
1056982
1058185
1057000
1056889
1056889
1058167
1057038
1057593
1012445
1057667
1057648
1057482
1058241
1057741
1057593
1057500
1058038
1057630
1057630
1057482
1057426
1057722
1057796
1057686
1057259
1057649
1057500
1056796
1057704
1056871
1056722
1057334
1056926
1056778
1056760
1057222
1056945
1056833
1056871
1057593
1056963
1056908
1056870
1057315
1056908
1056870
1057315
1056964
1056963
1056815
1057408
1057019
1056889
1056871
1057315
1057019
1056926
1056852
1057334
1057037
1057000
1016649
1060389
1057093
1058667
1058797
1056908
1056889
1056926
1057315
1056945
1056963
1056797
1057352
1057019
1056778
1056908
1057389
1056889
1056797
4816880
1061129
1057963
1057759
1058186
1057741
1057760
1057593
1057630
1056871
1057704
1056833
1058426
1057537
1057611
1057408
1057963
1057612
1057555
1057370
1057352
1057741
1057667
1057352
1057556
1057556
1056907
1057352
1056889
1056889
1056815
1057926
1057167
1056963
1056759
1057444
7127451
1057241
1056927
1056852
1057352
1056964
1056963
1056889
1057481
1056890
1056982
1057722
1058075
1057648
1057630
1057426
1058185
1057538
1057519
1061463
3907988
1057482
1056927
1056833
1057760
1057075
1056963
1056796
1057241
1065222
1684822
1064038
1069203
1068630
1060889
1057723
1057000
1056926
1056778
1061315
1057630
1056889
1056889
1061593
1071593
1065593
1062203
3849878
1064833
1064500
1060944
4782528
1063370
1057982
1057018
1057907
1057185
1057019
1061797
1061056
1061000
1062167
1059889
4469812
1064908
1061075
1061796
1061463
1061629
1063093
1066074
1061908
1062148
1063667
1063501
3105502
5081338
1071981
1077111
1064982
1063482
1069222
1067351
1063315
1060778
1069370
1064407
1060056
1057944
1057093
1056870
1063444
1414346
1079222
1060445
1061537
1057908
1057574
1057537
1459697
1075166
1059463
1057685
1057130
1056852
1056796
1247627
1072833
1057889
1018057
1057315
1057038
1056815
1057630
1056982
1058704
1056927
1057481
1057019
1056908
1056852
1057408
1056982
1056944
1056927
1057370
1057001
1057074
1057426
1057167
1056982
1056963
1057389
1056852
1056834
1056815
1057352
1056981
1056926
1056852
1057371
1056945
1056945
1056759
1057407
1056871
1056852
1057296
1056834
1056741
1056704
1057260
1056870
1056778
1056870
1057278
1056852
1056907
1056686
1057352
1056964
1056778
1017019
1056852
1056741
1056907
1057444
1056870
1056723
1056834
1060019
1057500
1058666
1058648
1057704
1056852
1056870
1056760
1057370
1056852
1056889
1057537
1057111
1056907
1056870
1058019
1057000
1056945
1056834
1057259
1056982
1056778
1056833
1057445
1056926
1058222
1057741
4047337
1057427
1057018
1056944
1057463
1056982
1057000
1056797
1059241
1057723
1056889
1056796
1057407
1056890
1056833
1056871
1057296
1056981
1056833
1057370
1056982
1056796
5797103
1057500
1056797
1056926
1057426
1056889
1056871
1056870
1057166
1056926
1056741
1056870
1057278
1056852
1056852
1056853
1057315
1056926
1056797
1056574
1056833
1056852
1056815
1057278
1056945
1056815
1057056
1057407
1056852
1056797
1056833
1057574
1056871
1056963
1056815
1057296
1056834
1056870
1057427
1056963
1057037
1057241
1059093
1057463
1056778
1057130
1057352
1057352
1057037
1057204
1057686
1056944
1057185
1026427
1056963
1056815
1056796
1061574
3774768
1057649
1057186
1057000
1057426
1057000
1056870
1056796
1057519
1056927
1056871
1056778
1057482
1056963
1056871
1056815
1057408
1056833
1056944
1057611
1056945
1056926
1056797
1057278
1056963
1056759
1056889
1057408
1056981
1056964
1056926
1057352
1056870
1056852
1056815
1057666
1056981
1056723
1057296
1057019
1056908
1056889
1057352
3589475
1058352
1057074
1056982
1057260
1056834
1056834
1056778
1060204
1057370
1056871
1056871
1057463
1056981
1058130
1057685
1058241
1057723
1057482
1057463
1057704
1059537
1057648
1059685
1057167
1057685
1057723
1059574
1057111
1057666
1057445
1058148
1057723
1057075
1056815
1057593
1056945
1057019
1057370
1057760
1057667
1057000
1061000
1058426
1057260
1057074
1058667
1057667
1057500
1056926
1057593
1056963
1057759
1056889
1057667
1056926
1057056
1057352
1056815
1056833
1056797
1057315
1056871
1056852
1056853
1057241
1056889
1056815
1056852
1057630
1057278
1056907
1056538
1056963
1056871
1056630
1057389
1056871
1056926
1056778
1060056
1057426
1056981
1056908
1057278
1056981
1056927
1049963
1057000
1056871
1056889
1057760
1057204
1057000
1056945
1057426
1056945
1056852
1056815
1057389
1056926
1056833
1056816
1057222
1056889
1056797
1056648
1056778
1056796
1056815
1057352
1056982
1057001
1057000
1057389
1057018
1057055
1056778
1057445
1057000
1056870
1056907
1057370
1056926
1056908
1057371
1057037
1056982
1056963
1057333
1056982
1056982
1056926
1057278
1056889
1056907
1056889
1057297
1057056
1057055
1027686
1056852
1057056
1056908
1057222
1057000
1056963
1056778
1057334
1056908
1057001
1056944
1057556
1056871
1056908
1056760
1057370
1056889
1056796
1056537
1056760
1056759
1056649
1057389
1056907
1056889
1056834
1057185
1056963
1056926
1056649
1057259
1056926
1056834
1056889
1057333
1057038
1057000
1059945
1057259
1056982
1056852
1057630
1057000
1056741
1056834
1057296
1056927
1056907
1056852
1057352
1056871
1056852
1028279
1056963
1056870
1056926
1057315
1056944
1056964
1056759
1057334
1056908
1056760
1056833
1057334
1056963
1057037
1056945
4142669
1060186
1059186
1057093
1057722
1057722
1056797
1056889
1059407
1057315
1056907
1056685
1057445
1056907
1056815
1056815
1057519
1056890
1056889
4963248
1057093
1056926
1056871
1057611
1056981
1056907
1056945
1057352
1056945
1056796
1056796
1057389
1057093
1056797
1056926
1057426
1057019
1056982
1057389
1057112
1056834
1056796
4741122
1057296
1056852
1056853
1057297
1057018
1056815
1056834
1060167
1057482
1057037
1056871
1057574
1056926
1056908
1056833
1057334
1056889
1056870
1057315
1056889
1056852
1056760
1057333
1056853
1056907
1056815
1057353
1056963
1056945
1056741
1057389
1056834
1056685
1056723
1057630
1056981
1056797
1057167
1056797
1056834
1056833
1057390
1056833
1056963
1056833
1057389
1056871
1056778
1056889
1057130
1057000
1056908
1027353
1057019
1056815
1056760
1057222
1056852
1056704
1056815
1057297
1056982
1056871
1056722
1057389
1056871
1056722
1056926
1057315
1056926
1056723
1056760
1057001
1056945
1056870
1057408
1057019
1056834
1056759
1057315
1056815
1056889
1056926
1057297
1056908
1056871
1056908
1060111
1057315
1057093
1057667
1057037
1056963
1056907
1057278
1056964
1056797
1056870
1057315
1056889
1056797
1056852
1057334
1056889
1056740
1027408
1057093
1057000
1057074
1057427
1056833
1056833
1056852
1057222
1056982
1056889
1056907
1057260
1056871
1056741
1056889
1057277
1057055
1056871
1056556
1056778
1056833
1056926
1057240
1056870
1056834
1056926
1057222
1056982
1057018
1057167
1059167
1059352
1058834
1058593
1059648
1059000
1059186
1057649
1057834
1056815
1057296
1058833
1059685
1058815
1057241
1057352
1056982
1056834
1056963
1057556
1057074
1056871
1056611
1057000
1056926
1056908
1059037
1058685
1057667
1057574
1058259
1057778
1057686
1057629
1058297
1057852
1057000
1057000
1057408
1057130
1057667
1057445
1057685
1057574
1057463
1058130
1057667
1056982
1056926
1057408
1057704
1057611
1057556
1057426
1057630
1057537
1046445
1057722
1057612
1057704
1057537
1057019
1056945
1056704
1057370
1057574
1057612
1057574
1057352
1056852
1056889
1056870
1058482
1056963
1056889
1056593
1056815
1056760
1056871
1057500
1056926
1056945
1056833
1057389
1056963
1056889
1057056
1057334
1056907
1056833
1056926
1057371
1057074
1056870
1057352
1057019
1056908
1056870
1057333
1057000
1056889
1056871
1057445
1056796
1056834
1060333
1057815
1057130
1056889
1019001
1057093
1056908
1056760
1057334
1056981
1056926
1056870
1057352
1056871
1057000
1056926
1057352
1056963
1056963
1056852
1057333
1056964
1056852
1056463
1056926
1056833
1056685
1057352
1056870
1057093
1056834
1057297
1057000
1056927
1056833
1057352
1057019
1056907
1056889
1057370
1056926
1056963
1056945
1057074
1056871
1056815
1057371
1057037
1056852
1056870
1059704
1058759
1056927
1056815
1057296
1056927
1056926
1026278
1056963
1056852
1056852
1057445
1056890
1057037
1056945
1057371
1056778
1056871
1056852
1057371
1056982
1056815
1056907
1057260
1056926
1056871
1061741
1057352
1056982
1056889
1057574
1057037
6621423
1058148
1057667
1057574
1057574
1058315
1058260
1056870
1058204
1057612
1057555
1056982
1057315
1056907
1056871
1056796
1058815
1057167
1056963
1057334
1056889
1056963
5790936
1057204
1056889
1056963
1057315
1056907
1056834
1056852
1057315
1060389
1058111
1057074
1057204
1056852
1056760
1056833
1057481
1056815
1056907
1056686
1056963
1056963
1056852
1057352
1056926
1056852
1056834
1057222
1056871
6397185
1057630
1056926
1056796
1057186
1056870
1056907
1056741
1057204
1056889
1056908
1056741
1057148
1056778
1056852
1056778
1057426
1056945
1056907
1060796
3916247
1057611
1056982
1056834
1057407
1056889
1056944
1059908
1057908
1057204
1057056
1057315
1058371
1058889
1059630
1058482
1059204
1058333
1058797
1058519
1058815
6833937
1057463
1056908
1056834
1057390
1056833
1056834
1056834
1057352
1056963
1056908
1056778
1058685
1056945
1056797
1056722
1057334
1056815
1056852
4968803
1057130
1056889
1056741
1062444
3377349
1060593
1059111
1065389
1065296
1060241
1057185
1056926
1057630
1061981
1058760
1057055
1058908
1068037
1061519
1057796
1059093
1057056
1059889
1058759
1057538
1056963
1057056
1056908
1063611
1058963
1056907
1057556
1057056
1057019
1056963
1057389
1056908
1057037
1056945
1057463
1056982
1056908
5205410
1057407
1056944
1056926
1057630
1056889
1057018
1056963
1057241
1056963
1056908
1056907
1058056
1057426
1057408
1056908
1057426
1056982
1056852
1057426
1056963
6854604
1058019
1057685
1057593
1058148
1057611
1057593
1057204
1057556
1056908
1056852
1056870
1058241
1057112
6249688
1057852
1057575
1057018
1059222
1057463
1057759
1057741
1057370
1057056
1056852
1056908
1057352
1057685
1057649
1057648
1057649
1057704
1057667
1057407
1057186
1056852
1056982
1060852
1058463
1057223
1057575
1058481
1057685
1057592
1057056
1057445
1056834
1056815
1056815
1057204
1056908
1056926
1057297
1056815
1056890
1056926
1057352
1057037
1056890
1056815
1057278
1056815
1056815
1056741
1057371
1056852
6067877
1057186
1056870
1056833
1057241
1056945
1057759
1057037
1058167
1057704
1056908
1056907
1057297
1057574
1057630
1057149
1057426
1056889
1056797
1057130
1057759
1057648
1057518
1060815
1057963
1057130
1058834
1057593
1057038
1056945
1056797
1057685
1056889
1056796
1056908
1057371
1057037
1056982
1057204
1057037
1056908
1056926
1057297
1056797
1056797
1056871
1057111
1056963
6301298
1056963
1056944
1056889
1057296
1056926
1056871
1056908
1057353
1056981
1056834
1056889
1057333
1056908
1056778
1056797
1057260
1056907
1056982
4972729
1058019
1056815
1056963
1059815
1058148
1059686
1057185
1058927
1056926
1056908
1056667
1057204
1057741
1057574
1057445
1057278
1056852
1056741
1056630
1056889
1056778
1056778
1057222
1057185
1056833
1056815
1057315
1056852
1056797
1056667
1057389
1056741
1056889
1056815
1060871
1057315
1056870
1057149
1057019
1056982
1056871
1057592
1057111
1056963
1056908
1057352
1056908
1056870
1058685
1057352
1056927
1056833
1018464
1057630
1057112
1056963
1057352
1057037
1056852
1058649
1060204
1057148
1057000
1056778
1057852
1057148
1056833
1056796
4132762
1057074
1056871
1056834
1057371
1060241
1058778
1056926
1057390
1057037
1056944
1056833
1057278
1056926
1056964
1056907
1057352
1056759
1056834
1060056
1057167
1057019
1056963
1057630
3676807
1057241
1058796
1056926
1057167
1056815
1057907
1057741
1058240
1057722
1057592
1057537
1058186
1057593
1057426
1057648
1058203
1057629
1057018
1059556
1058296
1057204
1057038
1058518
1057093
1057019
1056926
1058297
1057093
1056926
1056908
1058371
1056982
1057537
1056982
4037171
1057204
1056759
1057575
1058093
1057686
1057630
1057389
1058222
1057464
1057352
1057593
1058075
1057574
1057630
1056907
1057389
1057611
1057482
1057444
1057556
1057500
1057630
1058112
1057018
1056908
1056741
1058241
1057723
1057482
1057500
1057500
1057519
1057519
1057463
1057334
1056834
1056723
1059796
1058426
1058889
1056871
1057722
1057963
1056982
1056889
1057260
1056815
1056945
1056926
1057371
1056760
1056852
1056611
1056907
1056778
1056778
1057445
1056945
1056945
1056982
1057370
1056834
1056908
1056796
1057223
1056852
1056796
1056760
1057352
1056981
1056871
1057278
1056963
1056760
1056778
1057352
1057075
1056871
1056834
1057352
1056815
1056834
1056797
1057407
1056852
1056760
1062963
4002783
1057296
1057019
1056797
1059907
1057185
1056833
1056963
1057630
1056815
1056834
1056907
1057278
1056870
1056964
1056852
1057352
1056982
1056815
1057241
1056815
1056796
1056759
1057593
1057019
1056797
1056796
1057315
1056982
1056834
1056797
1057426
1056944
1056834
1056797
1060111
1057148
1056908
1057852
1057167
1057019
1056649
1057296
1056797
1056833
1056889
1057426
1056815
1056778
1056815
1057222
1056889
1056778
1022631
1058852
1056797
1056797
1057185
1056815
1056704
1056704
1060037
1057149
1056852
1056834
1058963
1057056
1056852
1056797
1057333
1056945
1056834
1056500
1056926
1058648
1056852
1057352
1056833
1056982
1056833
4507829
1057038
1056852
1056926
1057519
1056963
1056907
1056981
1060111
1057259
1057038
1056944
1057574
1056982
1056889
1056871
1057241
1056907
1056890
1057334
1056963
1056871
1056852
1057222
1056981
6623738
1057204
1057000
1056834
1060056
1058963
1057000
1056852
1057723
1056964
1056944
1056870
1057556
1056944
1057001
1056870
1057260
1056834
6023007
1057333
1058778
1056945
1057426
1056908
1057760
1057000
1057352
1057556
1057556
1057519
1058019
1057574
1057574
1057037
1057408
1057093
1056871
1057204
1056907
1056908
1056871
1057259
1056890
1056926
1056982
1057352
1056982
1056981
5335685
1057185
1056945
1056741
1059722
1057426
1058889
1058667
1057815
1056963
1056778
1056760
1057315
1056815
1056834
1056722
1057315
1056944
1056870
1057370
1057019
1056963
1056704
1057297
3680511
1057019
1056834
1056759
1057408
1056815
1056778
1057760
1061093
1058112
1057815
1057519
1058481
1057797
1057630
1057537
1057556
1056982
1056944
1057278
1057018
1056815
1056797
4732214
1057278
1056982
1056834
1057445
1057037
1056889
1056760
1060167
1057352
1057074
1056871
1057722
1056908
1056852
1056797
1057481
1057019
1056945
1057259
1056797
1056889
5794955
1057112
1056963
1056870
1057352
1056852
1056945
1056871
1057297
1056926
1056945
1056741
1057296
1056871
1056871
1056907
1057370
1056945
1056852
1057297
1057111
1056926
1056963
4743566
1057112
1057018
1056963
1057315
1057019
1056852
1056908
1057222
1056945
1056797
1056852
1057685
1057001
1057037
1056834
1057241
1057000
1056908
4970988
1057260
1056944
1056852
1057371
1056982
1056963
1056852
1057315
1057056
1056834
1056852
1057315
1056926
1056908
1056815
1057407
1057037
1056833
1059870
1057204
1056944
1056796
1057389
1059538
1057278
1056890
1057389
1057019
1056870
1056889
1057334
1056926
1056760
1056741
1057407
1056834
1056982
1056630
1057038
1056815
1056815
1057408
1056982
1056908
1056871
1057296
1056963
1056815
1056945
1057148
1056852
1056759
1025723
1056908
1056908
1056890
1057426
1056945
1056907
1056871
1057445
1056667
1056833
1057019
1057259
1057426
1056944
1056870
1057130
1056889
1056945
1057241
1056945
1056926
1056834
1060093
1057167
1056833
1057037
1057704
1058167
1057686
1057500
1059760
1058019
1057537
1057482
1058259
1057649
1057519
1058574
1056963
1056908
1056796
1057297
1057982
1060518
1059555
1059926
1058055
1057056
1056796
1061612
1057167
1057889
1058908
1058186
1057370
1057760
1058463
1057797
1057500
1057352
1058241
1057019
1057019
1056963
1057352
1056834
1056741
1057537
1057445
1057482
1057056
1057463
1056982
1056871
1056723
1057278
1056871
1056815
1056815
1057130
1056833
1056741
1056723
1057500
1056741
1056815
1046945
1056944
1056982
1056815
1057166
1056815
1056926
4985932
1060427
1057407
1057148
1057593
1057445
1058055
1057852
1057481
1058129
1057555
1057593
1034482
1057092
1056833
1056667
1057612
1057741
1057870
1057538
1058259
1057649
1057519
1056982
1057407
1056815
1056870
1056908
1057222
1057722
1057704
1057315
1057038
1056778
1056852
1057222
1057741
1057112
1056944
1060278
1057482
6386778
1057278
1056963
1056834
1057315
1056982
1056982
1056870
1057333
1056871
1056815
1056908
1057148
1056982
1056852
1056796
1057259
1056945
1056815
4975858
1057537
1056963
1057797
1058574
1057741
1057667
1057093
1057371
1056815
1057796
1057593
1058259
1057611
1057074
1056982
1057389
1057074
1056964
1057222
1056963
1056870
1056797
1057204
1056853
1056852
1056778
1060204
1057278
1056926
1056796
1057537
1056908
1056741
1056723
1057389
1057723
1056889
1057296
1056852
1056834
1056759
1057296
1056723
1056759
1056723
1057352
1057018
1057056
1056889
1057444
1057037
1056890
1015260
1058853
1056945
1056908
1057463
1056926
1056889
1056833
1057241
1056890
1056797
1056870
1057315
1057018
1056926
1056723
1057352
1056926
1056815
1057278
3912210
1057167
1056889
1056907
1057371
1057797
1057037
1056741
1059630
1057093
1056870
1056890
1057778
1056926
1056871
1056926
1061389
1057389
1056889
1056482
1056796
1056778
1056797
1057296
1056889
1056945
1056778
1057408
1056926
1056760
1056759
1057407
1056945
1056852
1056759
1057204
1056927
1056907
1057296
1056760
1056833
1056908
1057334
1056982
1056945
1056870
1057260
1056852
1056926
1056834
1057204
1056963
1056908
1022723
1057019
1056722
1056778
1057223
1056945
1056778
1056722
1057185
1056741
1056852
1056723
1057204
1056964
1060704
1059667
1058000
1058815
1057852
1058834
1058667
1058482
1059038
1058204
1056963
1056870
1056797
1058648
1061352
1057186
1056926
1057426
1056963
1056852
1056723
1057945
1056889
1056834
1057241
1056981
1056889
1056908
1057260
1056870
1056927
1056889
1057204
1056815
1056759
1056889
1057278
1056833
1056852
1057259
1057000
1056908
1056778
1057093
1056852
1056889
1056741
1057278
1056964
1056908
1056834
1057278
1056889
1056759
1056685
1057278
1056852
1056926
1057204
1057000
1056815
5750234
1057167
1057112
1056797
1057315
1056907
1056815
1056834
1057297
1056871
1056889
1056945
1057259
1056945
1056889
1056852
1057315
1056927
1057463
4971859
1057111
1056853
1056778
1057352
1057815
1057000
1056982
1058519
1057037
1057537
1057519
1057464
1056981
1057574
1057575
1058204
1057056
1056982
1057278
1056963
1056889
1056759
1061352
1059889
1058945
1059074
1058556
1057852
1057611
1057000
1058000
1060981
1057315
1058519
1057426
1071963
1060482
1058926
1058963
1059149
1058926
1059352
1059333
1057056
2758786
1059852
1057278
1057444
1059964
1062667
1056759
1057297
1056815
1056797
1056815
4086800
1060241
1057259
1070037
1057703
1057055
1056927
1056871
1057297
1056963
1056908
1056796
1057315
1056797
1056889
1056741
1057204
7071508
1059538
1057038
1056908
1057741
1057130
1056963
1056704
1057166
1056796
1056741
1056760
4371369
1057259
1056852
1056778
1057241
1056908
1056834
1056741
1057241
1056889
6483203
1060500
1057223
1058704
1058685
1058166
1057685
1058833
1058593
1057037
1056834
1056852
1058148
3302424
1062704
1058982
1056945
1057222
1057001
1056778
1056815
1061000
1057241
1057074
1056908
1057538
1065241
1059889
1056889
1057666
1056852
1056741
1057278
1057018
1056908
5770956
1057278
1056944
1056889
1057723
1066056
1057278
1056759
1057167
1056927
1056722
1056760
1057167
1056889
1056778
1056760
1057204
1056889
1056778
1057389
3917525
1057278
1057018
1056778
1057407
1056871
1056945
1057833
1057704
1056870
1056871
1056963
1072667
1062167
1060204
1058297
1059222
1059629
1058703
1058518
1059296
6812974
1060056
1058500
1057778
1057241
1056889
1056926
1056889
1057278
1056907
1056815
1056759
1058315
1056982
1056944
1056907
1057278
1066352
1059834
1057130
1057000
1056834
1056815
1057297
1056908
1056833
1056741
1167147
1057945
1057038
1056833
1057593
1067000
1059222
1057352
1056964
1056833
1056759
1057167
1056982
1056833
1056816
1057185
1057000
1056852
1056870
4292945
1059204
1057074
1057038
1057241
1056815
1056833
1056796
1057834
1057278
1056944
1056723
1057259
1056981
1056871
1066222
1058963
1057389
1056778
1056538
1056963
1056722
1056740
1057167
1056852
1056741
1056741
1057111
1056982
1056889
1056833
1057112
1056834
1066630
1062629
1062500
1058612
1056963
1057167
3785194
1057185
1056982
1056741
1057222
1056908
1056796
1062482
1059889
1057371
1056815
1056796
1057092
1056853
1056815
1056723
1057093
1056741
1056797
1057833
1057112
1056704
1056797
1058852
1063278
1057130
1056815
1057241
1056945
1056834
1056797
1057278
1056815
6155597
1057074
1056797
1059574
1059278
1059871
1056926
1056945
1057185
1056853
1056907
1056796
1057352
1056722
1056871
1056760
1057297
1063445
1058371
1057241
1056963
1056741
1056778
1057204
1056871
1056778
1057130
1057426
1056926
1056852
1059019
1061760
1058407
1057352
1056833
1057630
1056815
1056778
1057334
3807452
1057315
1056871
1056778
1057982
1068222
1065629
1058852
1057222
1056890
1056834
1056797
1057556
1056833
1056778
1056815
1057260
1057000
1056815
1057203
1056833
1056778
1056852
4719196
1057149
1056908
1056797
1057204
1056889
1056797
1056815
1057260
1056834
1056796
1056759
1057222
1056889
1056852
1056834
1057315
1056945
1056778
1057204
1056907
1056815
1056723
1061259
1057408
1057037
5568496
1057204
1056815
1056871
1058056
1057111
1056981
1056648
1057389
1056926
1056741
1056908
1057204
1056796
1056908
1056852
1057278
1056889
1056741
1057167
1056908
1056963
1057149
1057203
3685325
1057093
1058352
1056853
1057260
1056907
1056778
1056796
1057223
1056759
1056741
1056722
1057223
1056926
1056759
1056759
1057204
1056871
1056741
4972062
1057130
1056741
1056760
1057278
1056982
1056871
1056815
1057167
1056852
1056667
1058223
1057648
1056908
1056815
1056797
1057297
1056889
1056723
1057389
1057019
6855252
1057055
1056981
1056908
1057315
1057093
1056889
1056797
1057241
1056760
1056964
1056741
1057297
1059149
1057334
1057463
1057519
1056852
1056797
1056500
1057092
1056760
1056907
1057278
1057001
1056870
1056815
1057333
1056982
1056870
1056667
1057148
1057834
1056834
1056778
1057260
1057019
1056945
1057111
1057000
1056852
1056741
1057389
1056852
1056796
1056853
1057296
1056889
1056907
5256576
1057796
1056945
1056741
1057241
1056760
1056759
1056833
1057334
1056889
1056907
1056796
1057278
1056796
1056908
1056778
1057500
1056963
1056833
1057222
1056852
1056759
5800196
1057092
1057056
1056908
1057297
1057074
1056796
1059352
1057444
1056815
1056834
1056871
1057333
1056945
1056945
1056852
1057333
1056852
1056963
1057445
1057093
1056871
1056889
1057537
1056907
1056741
1056815
1057315
3454533
1058148
1057148
1057019
1057222
1056852
1056796
1056704
1057445
1056945
1056741
1056815
1057204
1056907
1056741
1056852
1057241
1057019
1056834
1056481
1056926
1056852
1056722
1061222
1057370
1057075
1056945
1057834
1056945
1056870
1059685
1057575
1057093
1056871
1056852
1057444
1056944
1057019
1056426
1056815
1057093
1056889
1059722
1058629
1056871
1056889
1057167
1056870
1056870
1056797
1057426
1056852
1056834
1019075
1057018
1056927
1056907
1057260
1056870
1056834
1056797
1057149
1056963
1056982
1056871
4371313
1058093
1057611
1057556
1058278
1057723
1057296
1056852
1057371
1057074
1056889
1056816
1058241
1057685
1057759
1057056
1057408
1056963
1056908
1057370
1057741
1057667
1057630
1058093
1057685
1057593
1056890
1057241
1057111
1056889
1057000
1057500
1057593
1057612
1056926
1057352
1057130
1056852
1057241
1056982
1056908
1056852
1057427
1057037
1056833
1056871
1057371
1056945
1056852
1056889
1057370
1056889
1056889
1015501
1057056
6941269
1057038
1058908
1061019
1057963
1057260
1056982
1056926
1058241
1057111
1057111
1056834
1057297
1056982
1056907
1065167
1059926
1057408
1056908
1057371
1056944
1056908
1056889
1057427
1056907
1056945
1056926
1057630
1064148
1060148
5312204
1057074
1056945
1056926
1057852
1061538
1059167
1058796
1058797
1059055
1058556
5419647
1059482
1056944
1056815
1057204
1059685
1062426
1060056
1057260
1057055
1056723
1056741
1057334
1056741
1056778
1056815
1057241
7078248
1059685
1057055
1057018
1057204
1057000
1056871
1056760
1058445
1057611
1057685
1057037
1058241
1065056
2257016
1058037
1057130
1056982
1057148
1056982
1056815
1056908
1057537
1056945
1056778
1056852
1057111
1056908
1059574
1058315
1059500
1057204
1056815
1056593
1056871
1056797
1056834
1057296
1056871
1056926
1056704
1057222
1056852
1056815
1056816
1057241
1065333
1057112
1057685
1057222
1056908
1056926
1057167
3788675
1058001
1058408
1057019
1057482
1057112
1056815
1056834
1060704
1062648
1057871
1057593
1058038
1057537
1057611
1057000
1057259
1056963
1056889
1060333
1059815
1058686
1057593
1057333
1057556
1057686
1056889
1057204
1056963
1056759
1056815
1057278
1056796
1056908
1056760
1057334
1057000
1056852
1057167
1060408
1060833
1058296
1057149
1057000
1056908
1056926
1057222
3338239
1057111
1057148
1057055
1057260
1057093
1056907
1056760
1057296
1056982
1056834
1056871
1057130
1056852
1056870
1056796
1057186
1059759
1061241
1057556
1057778
1056797
1056741
1057482
1056870
1056834
1056778
4508237
1057241
1056963
1056815
1057778
1056907
1056926
1056815
1058500
1057482
1056871
1057000
1057130
1056926
1056815
1056816
1057315
1056908
1056963
1056463
1056852
1056834
1056907
1057297
1057852
1057630
1057574
1058056
1057815
1057538
1057630
1058001
1057907
1057704
1057037
1058074
1057130
1057593
1057371
1057815
1061260
1057944
1057666
1057833
1057667
1057148
1057278
1057630
1057000
1056926
1058093
1057815
1057704
1057352
1056945
1056982
1056908
1057371
1057778
1057797
1057611
1058445
1057815
1057723
1057649
1057500
1057037
1056907
1056778
1064778
1058519
1057241
1057111
1056908
1056889
1056889
1057223
1056833
1056834
1056982
1057223
1056796
1057001
1056870
1057593
1057075
1057278
1049723
1057222
6937454
1057130
1056852
1056797
1057389
1056926
1056815
1056908
1060815
1057352
1056926
1056871
1057370
1056982
1056834
1056871
1058778
1057852
1057574
1057964
1057797
1057519
1057370
1058501
1057926
1057648
1057037
1058037
1057852
1057537
1056927
1057315
1056889
1057519
1057593
1057148
1056852
1057426
1057463
1056815
1057574
1057482
1058037
1057649
1056926
1056871
1057241
1056945
1057630
1057037
1058074
1057797
1056908
1057204
1056889
1056760
1056704
1057222
1056834
1056797
1056852
1059778
1057963
1057130
1056834
1057611
1056889
1056870
1057722
1063130
1057778
1057482
1057241
1056963
1056741
1056852
1057148
1056834
1056760
1056796
1057815
1056778
1056834
1056759
1057519
1057037
1056815
1055815
1056945
6941825
1057038
1056833
1056834
1057371
1056889
1065352
1059518
1057296
1057778
1057704
1057574
1058185
1057815
1057593
1057500
1058093
1057593
1056852
1057741
3903617
1060982
1056796
1056816
1057167
1056834
1056834
1056778
1057259
1057075
1056778
1056852
1057204
1056834
1056704
1063278
1059352
1057871
1057000
1057741
3893544
1057111
1057000
1056889
1057222
1056741
1056797
1056741
1061759
1057130
1057630
1056926
1057074
1056759
1056686
1056870
1057204
1056889
1056797
1057222
1056759
1056723
1056796
1057204
1056834
1056852
1066760
1057704
1057778
1057019
1056759
1057148
1056815
1056833
1056778
4043282
1057075
1056741
1067407
1057834
1058148
1056871
1056908
1057222
1056870
1056833
1056760
1057222
1056871
1056797
1057611
1062463
1058741
1057056
1057186
1056833
1056833
1056760
1057148
1056797
1056852
1056833
1057241
1056870
1056889
1056796
1057297
1056908
1056833
1056815
1066944
1058648
1056926
1057130
1056890
1056908
5684735
1057241
1063963
1058185
1057407
1056871
1056889
1056870
1057185
1056741
1056778
1056778
1057278
1056778
1056852
1056889
1057297
1056871
1056722
1057944
1061518
1059538
1056834
1057223
1056889
1056741
1056852
1057260
1056907
1056722
1056759
1057260
1056759
1056815
1058574
1065222
1059222
1056944
1057278
1056889
1056833
1056815
1057185
1056889
1056797
1056870
1057630
1056852
6294428
1062426
1059093
1056833
1057408
1056963
1056853
1056833
1057278
1056871
1056760
1056630
1057407
1064907
1057056
1057815
1061204
1057407
1057001
1057018
1057037
1057001
1056870
1057944
1060741
1059278
1059611
1058093
1062297
1065056
1062130
1059167
1059315
1059148
1067778
1057148
1056852
1056760
1058241
1057315
1057037
1056964
1057444
1057001
1057019
1056759
4356870
1057055
1057148
1056852
1057371
1057037
1056889
1056834
1057371
1056871
1056870
1056815
1057259
1056982
1056815
1056759
1057426
1056852
1056907
1057501
1057019
6855252
1057130
1056834
1056908
1057426
1056908
1057019
1056797
1057371
1057056
1056927
1056667
1057296
1056908
1056815
1056815
4143372
1056926
1056926
1056926
1057185
1056852
1056908
1056778
1057223
1056797
1056908
1056852
1057315
1056889
1056815
1056834
1057278
1056926
1056963
1057185
1056945
1056796
1056759
1057260
1056852
6629645
1057241
1056889
1056907
1057334
1057055
1056852
1056889
1057148
1056926
1056833
1056759
1057148
1056982
1056760
1056852
1057185
1057038
1059741
1057482
1057038
1056815
1056908
1057686
1057130
1056907
1056834
1057222
1056945
1056852
1056759
1057408
1056908
1057852
1057575
1058833
1057815
1057593
1057463
1057556
1057407
1057574
1058074
1057093
1056908
1056926
1058204
1057611
1056945
1056889
1058297
1057037
1057648
1016501
1057815
1057778
1057056
1057278
1056945
1056870
1056852
1058186
1058389
1057500
1057074
1058149
1057148
1056964
1056741
1058315
1057649
1057037
1057352
1056982
1056759
1056963
1060111
1058649
1057833
1057519
1058296
1057574
1056945
1056852
1057241
1056889
1056778
1056945
1058352
1056907
1056982
1057500
1060611
1057130
1056926
1057204
1056908
1057018
1056704
1057445
1056667
1056759
1056779
1057352
1056945
1056908
1057278
1057982
1056778
1056889
1057463
1056981
1056778
1056870
1057352
1056778
1056870
5378685
1057130
1057038
1056889
1057463
1056964
1056833
1056927
1057130
1056907
1056815
1056852
1057223
1056852
1056852
1056944
1057964
1056981
1056833
1057278
1056926
1056871
1056982
4744122
1058112
1057370
1057630
1058316
1057648
1057519
1057241
1057185
1056797
1056852
1056889
1057259
1056963
1056759
1057555
1057223
1056815
1057593
1056741
1057686
1057667
1056778
1057278
1056778
1056834
1056685
1057260
1056870
1056926
1056982
1059426
1058537
1059612
1058389
1059982
1059648
1059704
1058056
1059686
1058074
1059408
1061611
1057389
1058649
1056926
1057907
1057092
1056852
1056704
1057408
1056852
1056741
1057204
1056907
1056778
1056907
1057334
1057018
1056760
1056815
1057334
1056964
1056871
5364889
1057445
1056852
1056796
1057278
1056853
1056815
1056815
1057149
1056907
1056853
1056833
1057186
1056796
1056797
1056889
1057241
1056982
1056870
1057204
1056945
1056926
5798993
1057074
1056871
1056889
1060204
1058334
1058704
1056945
1058593
1057815
1058482
1057167
1057334
1056945
1056889
1056778
1057352
1056871
1056796
1057278
1056815
1056889
1056852
1057222
1056796
1056926
1056890
1057222
3448570
1057204
1057037
1057167
1057167
1056852
1056834
1057019
1057278
1057092
1056778
1056926
1057241
1056741
1056834
1056852
1057167
1056926
1056926
1057241
1056889
1056963
5799826
1057833
1056815
1056778
1060667
1058797
1056852
1056816
1057612
1056982
1056741
1056778
1057427
1056926
1056834
1056871
1057296
1056870
1056815
1056629
1056944
1058760
1056871
1057352
1056890
1056944
1056889
1057352
1056963
1056704
1056797
4280296
1057204
1056927
1056796
1059093
1057445
1056871
1056852
1057204
1057000
1056926
1056945
1057278
1056945
1056871
1056815
1057278
1056889
1056741
1057296
1057111
1056760
1056963
1060630
1057426
1056945
1056871
1059963
1057148
1056871
1056741
1057759
1056908
1056796
1056907
1057333
1056815
1056852
1058667
1057092
1056945
1062389
1058371
1057667
1056944
1056741
1057408
1056945
1056889
1056797
1057186
1056833
1056963
1013001
1059278
1056778
1056686
1057315
1056815
1056797
5653329
1057816
1057111
1057611
1058185
1057778
1057519
1056982
1057389
1056889
1056704
1056778
1058278
1057686
1057722
1056852
1058204
1057074
1056908
1057241
1056908
1056815
1056871
1058186
1057630
1057519
1056945
1057149
1056833
1056815
1056723
1057352
1057000
1056778
1056889
1057223
1056927
1056852
1057278
3820175
1057074
1057629
1056759
1057334
1056926
1056741
1056833
1057481
1056834
1056778
1056852
1057334
1056833
1056797
1057111
1057334
1056945
1056759
1057315
1056945
1056741
5801178
1057204
1056963
1056834
1060389
1057093
1057037
1056982
1059093
1057074
1057019
1056908
1057296
1056815
1056834
1056797
1057463
1057149
1056870
1056408
1057000
1056889
1056871
1057370
1056982
1057019
1059908
1057927
1057111
1056834
1056833
1057352
1056815
1056722
1056833
1057315
1056908
1056963
1057297
1056852
1056908
1056834
1057297
1056870
1056815
1056722
1057186
1056871
1056704
1056852
1057389
1057130
1058037
1022612
1057000
1056834
1056704
1057279
1057055
1056870
1056852
1060482
1057241
1057037
1056889
1057445
1057055
1056870
1056834
1057519
1056834
1056852
1056482
1056963
1056834
1056778
1057259
1057019
1056982
1056889
1057259
1056982
1056760
1056778
1057241
1056889
1056778
1056870
1057352
1057000
1056890
1056426
1056797
1056870
1056722
1057259
1056944
1056833
1056926
1057297
1057038
1056907
1056816
1057185
1056963
1056778
1025964
1057112
1056833
1056871
1057260
1056815
1056871
1056834
1057222
3542161
1057018
1056889
1056796
1057352
1056870
1056778
1056834
1060556
1057241
1056982
1056926
1057686
1056963
1056834
1056870
1057389
1056871
1056778
1057259
1056945
1056963
1056796
1057167
3685436
1057389
1056870
1056759
1057149
1056945
1057796
1057666
1058185
1057723
1057611
1057500
1058092
1057574
6247022
1057038
1057556
1057630
1058186
1057648
1057630
1057519
1058167
1057741
1057649
1057685
1058186
1057612
1056945
1057000
1057371
1057019
1056759
4969933
1057870
1057278
1057000
1057260
1056870
1056889
1056908
1057426
1056890
1056852
1056889
1057204
1056889
1056852
1056908
1057241
1056760
1056870
1057278
1056833
1056853
1056833
1057223
1056964
1056907
1056889
1057167
1056871
1056926
1056815
1057259
1056834
1056741
1056760
1057204
1057000
1056852
1057222
1056797
1056852
1057722
1058259
1057648
1057463
1057445
1061500
1057871
1057593
1057519
1060130
1057223
1056871
5014395
1057296
1056964
1056722
1057241
1056890
1056852
1056704
1057296
1056852
1056815
1056797
1057130
1056759
1056815
1056760
1057167
1056834
1056852
1057204
1056964
1056759
1056797
1057204
1056778
1056833
1056722
1057185
1056815
1056945
1056834
1057129
1056907
1056927
1056722
1057149
1057778
1057649
1058056
1057723
1057518
5708402
1057056
1056797
1056908
1057222
1056797
1056815
1056889
1057019
1056944
1056871
1056778
1057167
1056852
1056815
1056759
1057259
1056945
1056871
1057759
1056963
1056871
1056741
1057185
1056889
1056853
1056778
1057241
1057001
1056907
1056759
1057167
1056945
1056760
1056778
1057296
1056833
1056871
1057111
3832619
1057056
1056981
1056982
1057370
1056870
1056871
1056870
1057333
1056889
1056870
5427295
1057037
1056889
1056834
1057334
1056945
1056871
1056797
1059741
1057296
1057166
1056963
1057685
1056889
1056852
1056852
1057278
1056945
1056815
1056685
1058611
1057018
1056889
1057259
1056871
1056870
1056852
1057296
1056871
1056889
1056796
1057278
1057000
1056852
1056815
1057260
1056963
1056778
1057315
1056945
1056907
1056871
1057260
1057001
1056944
1056741
1057241
1056945
1056889
1056722
1057204
1057018
1056908
1027834
1057037
1056834
1056908
1060000
1057278
1057000
1057038
1057611
1057038
6483574
1057296
1057204
1056908
1057407
1056908
1056871
1056907
1058352
1057834
1057611
1057667
1058019
1057686
1057630
1057593
4132891
1057222
1056853
1056963
1057315
1056834
1057667
1057426
1058186
1057667
1057556
1057445
1058111
1057518
1057592
1056852
1057241
1056908
6021933
1057019
1057000
1056870
1059815
1057222
1056797
1058778
1058741
1056796
1056852
1056834
1057223
1056833
1056926
1056796
1057519
1056908
1056704
1057167
1056926
1056704
1056815
4739659
1057334
1057000
1056723
1057204
1056833
1056908
1056797
1057223
1056926
1056834
1056760
1057352
1057074
1056890
1056796
1057352
1057037
1056964
1059852
1059000
1057149
1056853
1057315
1057019
1056778
1056796
1057296
1056963
1056759
1056778
1057149
1056667
1056834
1056741
1057241
1056908
1056871
1056963
1056927
1056796
1056778
1060130
1057592
1057149
1056926
1057871
1056963
1056889
1056852
1057297
1056944
1056834
5020839
1057037
1057000
1056871
1057389
1057167
1056871
1057037
1057371
1057000
1056852
1056982
1057334
1056945
1056815
1056963
1057408
1057056
1056889
1057390
1056926
1056945
1056853
1057259
1057001
1056908
1056834
1057222
1056908
1056963
1056853
1057333
1056982
1057056
1059592
1059741
1057926
1057056
1057315
1056833
1056871
1056889
1060241
1057352
1056908
1058667
1057612
1057001
1056741
1056834
1057407
1056704
1056816
1019371
1057000
1056797
1056722
1057370
1056871
1056778
1056778
1057334
3541421
1057185
1056778
1056778
1057352
1057666
1056981
1056852
1057333
1057001
1056778
1056834
1057204
1057667
1057741
1056981
1057241
1056815
1056796
1057316
1057630
1056981
1056741
1059241
3681677
1060556
1057278
1056926
1057481
1057038
1056889
1056815
1059815
1057222
1056871
1056871
1057945
1057185
1056833
1056759
1057352
1056907
1056722
1056593
1057019
1057055
1056889
1057445
1056889
1057018
1056964
1057278
1056834
1056852
1056853
1057204
1057019
1056778
1056926
1057315
1057019
1056945
1057389
1056890
1056926
1056760
1057278
1056871
1056944
1056833
1057352
1057019
1056890
1056944
1057259
1056889
1056760
1023778
1057223
1056871
1056889
1059778
1057112
1057037
1056889
1058926
1057019
1056963
1056964
1057352
1056852
1056982
1056908
1057537
1056927
1056834
1057074
1058611
1058056
1057908
1058333
1057574
1057519
1057575
1058093
1057630
1057538
1057075
1057333
1057001
1057001
1056870
1057333
1057630
1057630
1057334
1056834
1056889
1056870
1057204
1057667
1057500
1057500
1058148
1057649
1057482
1056981
1057537
1057056
1056908
1009501
1056982
1056796
1056815
1057278
1057704
1056926
1056741
1060037
1057500
1057112
5422240
1057186
1056852
1056889
1057611
1056945
1056778
1056908
1057315
1056889
1056833
1056741
1057260
1057111
1056982
1057000
1057352
1056963
1056852
1057204
1057019
1056908
1056833
1057204
1056907
1056852
1056963
1057556
1057074
1056926
5342186
1057019
1056982
1056852
1057427
1057056
1056889
1056889
1057297
1057019
1056778
1056871
1057333
1057148
1056944
1056964
1057334
1056815
1056870
1057333
1057038
1057000
1813413
1060482
1057704
1058334
1059019
1058130
1057871
1059037
1057797
1057278
6460666
1059408
1059093
1057315
1114611
1060093
1057297
1057130
1057574
1057019
1057056
1056945
4305482
1060204
1057426
1057203
1057760
1057370
1060074
1057519
1059278
1058778
6471777
1059519
1057463
1057000
1058167
1057334
1057038
1056963
4600921
1057630
1064037
1149684
1059685
1058463
1057370
1057000
1060593
1059778
1059019
5321020
1061667
1058982
1061093
1058444
1057019
1056833
1056778
1071648
1060574
1058945
1066149
1065926
1063389
1058241
1058371
1058445
1057482
1057000
1057297
1057112
1057037
1056907
1058056
1057111
2569919
1057612
1057112
1056889
1057352
1056963
1056833
1056889
1057334
1056982
1056815
1056852
1057241
1056945
1056815
1056889
1058407
1057056
1057427
4956081
1057241
1056944
1056871
1060704
1057463
1058871
1058649
1058111
1057353
1057037
1056889
1057445
1057112
1056833
1056797
1057296
1056908
6017137
1057259
1058075
1057908
1058278
1057797
1057686
1057111
1057426
1056982
1056741
1060778
1057963
1058093
1057945
1058871
1057333
1056944
1056926
1057204
1058130
1057704
1057741
1058982
1057259
1057926
1057074
1057427
1056944
1056852
1056685
1057297
1056870
1056945
1056908
1057260
1056926
1056815
1056612
1056963
1056889
1056815
4639383
1057074
1056981
1057001
1057389
1056963
1056816
1056796
1057575
1056963
1056871
1056816
1057204
1056944
1056945
1056982
1057241
1056926
1056797
1057241
1056945
1057019
1056815
4743085
1057260
1056815
1056778
1057297
1056870
1056796
1056815
1060834
1057334
1057093
1056815
1057649
1057018
1056833
1056796
1057167
1057037
1056908
4968711
1058093
1056889
1056945
1057315
1056945
1056871
1056741
1057371
1057722
1057815
1057574
1057315
1057593
1057833
1057167
1057371
1056945
1056815
1057259
1056907
1056741
1056852
1057241
1056945
1056815
1056723
1057389
1056870
6393668
1057093
1056907
1056945
1057278
1057037
1056964
1056833
1060370
1057463
1057038
1057019
1057704
1057000
1056944
1056890
1057463
1057074
1056981
1057390
1056982
1056833
1056982
1060334
1057297
1058648
1058630
1057575
1056963
1056778
1056723
4284611
1058111
1057241
1056908
1057482
1057075
1056964
1057019
1057445
1056963
1056964
1056926
1057574
1057334
1056907
1056889
1057445
1056926
1056926
1057500
1057186
1056889
5785845
1057241
1057074
1056890
1060500
1058944
1057148
1056927
1057778
1057075
1056890
1060518
1058185
1058889
1058463
1057963
1059352
1057907
1058222
1058019
1058760
1060075
1060667
1057723
1057000
1056907
1056797
1058019
1058593
1057204
1057019
1057444
1057167
1056908
1056834
1058149
1057167
